1.000000000000000000e+00 7.639652213138488010e-03
2.000000000000000000e+00 1.605537842649789806e-17
3.000000000000000000e+00 3.569408004928447016e-03
4.000000000000000000e+00 9.891694924602843428e-03
5.000000000000000000e+00 3.569408004928447016e-03
6.000000000000000000e+00 5.387607795944882039e-03
7.000000000000000000e+00 5.235251254870542520e-02
8.000000000000000000e+00 4.662611219139485737e-03
9.000000000000000000e+00 5.387607795944882039e-03
1.000000000000000000e+01 5.387607795944882039e-03
1.100000000000000000e+01 9.891694924602843428e-03
1.200000000000000000e+01 4.662611219139485737e-03
1.300000000000000000e+01 5.387607795944882039e-03
1.400000000000000000e+01 3.569408004928447016e-03
1.500000000000000000e+01 7.639652213138488010e-03
1.600000000000000000e+01 6.322290818487103989e-03
1.700000000000000000e+01 5.387607795944882039e-03
1.800000000000000000e+01 6.322290818487103989e-03
1.900000000000000000e+01 5.235251254870542520e-02
2.000000000000000000e+01 5.387607795944882039e-03
2.100000000000000000e+01 5.235251254870542520e-02
2.200000000000000000e+01 5.387607795944882039e-03
2.300000000000000000e+01 9.891694924602843428e-03
2.400000000000000000e+01 5.235251254870542520e-02
2.500000000000000000e+01 7.639652213138488010e-03
2.600000000000000000e+01 7.639652213138488010e-03
2.700000000000000000e+01 7.639652213138488010e-03
2.800000000000000000e+01 6.322290818487103989e-03
2.900000000000000000e+01 5.235251254870542520e-02
3.000000000000000000e+01 9.891694924602843428e-03
3.100000000000000000e+01 9.891694924602843428e-03
3.200000000000000000e+01 5.235251254870542520e-02
3.300000000000000000e+01 7.639652213138488010e-03
3.400000000000000000e+01 7.639652213138488010e-03
3.500000000000000000e+01 3.569408004928447016e-03
3.600000000000000000e+01 5.235251254870542520e-02
3.700000000000000000e+01 6.322290818487103989e-03
3.800000000000000000e+01 5.235251254870542520e-02
3.900000000000000000e+01 7.639652213138488010e-03
4.000000000000000000e+01 9.891694924602843428e-03
4.100000000000000000e+01 5.235251254870542520e-02
4.200000000000000000e+01 7.639652213138488010e-03
4.300000000000000000e+01 5.235251254870542520e-02
4.400000000000000000e+01 5.235251254870542520e-02
4.500000000000000000e+01 5.235251254870542520e-02
4.600000000000000000e+01 5.235251254870542520e-02
4.700000000000000000e+01 5.235251254870542520e-02
4.800000000000000000e+01 5.235251254870542520e-02
