1.0	0.0	-0.5	1
1.0	0.0	-0.5	2
1.0	0.0	-0.5	3
1.0	0.0	-0.5	4
1.0	0.0	-0.5	5
1.0	0.0	-0.5	6
1.0	0.0	-0.5	7
1.0	0.0	-0.5	8
1.0	0.0	-0.5	9
1.0	0.0	-0.5	10
1.0	0.0	-0.5	11
1.0	0.0	-0.5	12
1.0	0.0	-0.5	13
1.0	0.0	-0.5	14
1.0	0.0	-0.5	15
1.0	0.0	-0.5	16
1.0	0.0	-0.5	17
1.0	0.0	-0.5	18
1.0	0.0	-0.5	19
1.0	0.0	-0.5	20
1.0	0.0	-0.5	21
1.0	0.0	-0.5	22
1.0	0.0	-0.5	23
1.0	0.0	-0.5	24
1.0	0.0	-0.5	25
1.0	0.0	-0.5	26
1.0	0.0	-0.5	27
1.0	0.0	-0.5	28
1.0	0.0	-0.5	29
1.0	0.0	-0.5	30
1.0	0.0	-0.5	31
1.0	0.0	-0.5	32
1.0	0.0	-0.5	33
1.0	0.0	-0.5	34
1.0	0.0	-0.5	35
1.0	0.0	-0.5	36
1.0	0.0	-0.5	37
1.0	0.0	-0.5	38
1.0	0.0	-0.5	39
1.0	0.0	-0.5	40
1.0	0.0	-0.5	41
1.0	0.0	-0.5	42
1.0	0.0	-0.5	43
1.0	0.0	-0.5	44
1.0	0.0	-0.5	45
1.0	0.0	-0.5	46
1.0	0.0	-0.5	47
1.0	0.0	-0.5	48
1.0	0.0	-0.5	49
1.0	0.0	-0.5	50
1.0	0.0	-0.5	51
1.0	0.0	-0.5	52
1.0	0.0	-0.5	53
1.0	0.0	-0.5	54
1.0	0.0	-0.5	55
1.0	0.0	-0.5	56
1.0	0.0	-0.5	57
1.0	0.0	-0.5	58
1.0	0.0	-0.5	59
1.0	0.0	-0.5	60
1.0	0.0	-0.5	61
1.0	0.0	-0.5	62
1.0	0.0	-0.5	63
1.0	0.0	-0.5	64
1.0	0.0	-0.5	65
1.0	0.0	-0.5	66
1.0	0.0	-0.5	67
1.0	0.0	-0.5	68
1.0	0.0	-0.5	69
1.0	0.0	-0.5	70
1.0	0.0	-0.5	71
1.0	0.0	-0.5	72
1.0	0.0	-0.5	73
1.0	0.0	-0.5	74
1.0	0.0	-0.5	75
1.0	0.0	-0.5	76
1.0	0.0	-0.5	77
1.0	0.0	-0.5	78
1.0	0.0	-0.5	79
1.0	0.0	-0.5	80
1.0	0.0	-0.5	81
1.0	0.0	-0.5	82
1.0	0.0	-0.5	83
1.0	0.0	-0.5	84
1.0	0.0	-0.5	85
1.0	0.0	-0.5	86
1.0	0.0	-0.5	87
1.0	0.0	-0.5	88
1.0	0.0	-0.5	89
1.0	0.0	-0.5	90
1.0	0.0	-0.5	91
1.0	0.0	-0.5	92
1.0	0.0	-0.5	93
1.0	0.0	-0.5	94
1.0	0.0	-0.5	95
1.0	0.0	-0.5	96
1.0	0.0	-0.5	97
1.0	0.0	-0.5	98
1.0	0.0	-0.5	99
1.0	0.0	-0.5	100
1.0	0.0	-0.5	101
1.0	0.0	-0.5	102
1.0	0.0	-0.5	103
1.0	0.0	-0.5	104
1.0	0.0	-0.5	105
1.0	0.0	-0.5	106
1.0	0.0	-0.5	107
1.0	0.0	-0.5	108
1.0	0.0	-0.5	109
1.0	0.0	-0.5	110
1.0	0.0	-0.5	111
1.0	0.0	-0.5	112
1.0	0.0	-0.5	113
1.0	0.0	-0.5	114
1.0	0.0	-0.5	115
1.0	0.0	-0.5	116
1.0	0.0	-0.5	117
1.0	0.0	-0.5	118
1.0	0.0	-0.5	119
1.0	0.0	-0.5	120
1.0	0.0	-0.5	121
1.0	0.0	-0.5	122
1.0	0.0	-0.5	123
1.0	0.0	-0.5	124
1.0	0.0	-0.5	125
1.0	0.0	-0.5	126
1.0	0.0	-0.5	127
1.0	0.0	-0.5	128
1.0	0.0	-0.5	129
1.0	0.0	-0.5	130
1.0	0.0	-0.5	131
1.0	0.0	-0.5	132
1.0	0.0	-0.5	133
1.0	0.0	-0.5	134
1.0	0.0	-0.5	135
1.0	0.0	-0.5	136
1.0	0.0	-0.5	137
1.0	0.0	-0.5	138
1.0	0.0	-0.5	139
1.0	0.0	-0.5	140
1.0	0.0	-0.5	141
1.0	0.0	-0.5	142
1.0	0.0	-0.5	143
1.0	0.0	-0.5	144
1.0	0.0	-0.5	145
1.0	0.0	-0.5	146
1.0	0.0	-0.5	147
1.0	0.0	-0.5	148
1.0	0.0	-0.5	149
1.0	0.0	-0.5	150
1.0	0.0	-0.5	151
1.0	0.0	-0.5	152
1.0	0.0	-0.5	153
1.0	0.0	-0.5	154
1.0	0.0	-0.5	155
1.0	0.0	-0.5	156
1.0	0.0	-0.5	157
1.0	0.0	-0.5	158
1.0	0.0	-0.5	159
1.0	0.0	-0.5	160
1.0	0.0	-0.5	161
1.0	0.0	-0.5	162
1.0	0.0	-0.5	163
1.0	0.0	-0.5	164
1.0	0.0	-0.5	165
1.0	0.0	-0.5	166
1.0	0.0	-0.5	167
1.0	0.0	-0.5	168
1.0	0.0	-0.5	169
1.0	0.0	-0.5	170
1.0	0.0	-0.5	171
1.0	0.0	-0.5	172
1.0	0.0	-0.5	173
1.0	0.0	-0.5	174
1.0	0.0	-0.5	175
1.0	0.0	-0.5	176
1.0	0.0	-0.5	177
1.0	0.0	-0.5	178
1.0	0.0	-0.5	179
1.0	0.0	-0.5	180
1.0	0.0	-0.5	181
1.0	0.0	-0.5	182
1.0	0.0	-0.5	183
1.0	0.0	-0.5	184
1.0	0.0	-0.5	185
1.0	0.0	-0.5	186
1.0	0.0	-0.5	187
1.0	0.0	-0.5	188
1.0	0.0	-0.5	189
1.0	0.0	-0.5	190
1.0	0.0	-0.5	191
1.0	0.0	-0.5	192
1.0	0.0	-0.5	193
1.0	0.0	-0.5	194
1.0	0.0	-0.5	195
1.0	0.0	-0.5	196
1.0	0.0	-0.5	197
1.0	0.0	-0.5	198
1.0	0.0	-0.5	199
1.0	0.0	-0.5	200
1.0	0.0	-0.5	201
1.0	0.0	-0.5	202
1.0	0.0	-0.5	203
1.0	0.0	-0.5	204
1.0	0.0	-0.5	205
1.0	0.0	-0.5	206
1.0	0.0	-0.5	207
1.0	0.0	-0.5	208
1.0	0.0	-0.5	209
1.0	0.0	-0.5	210
1.0	0.0	-0.5	211
1.0	0.0	-0.5	212
1.0	0.0	-0.5	213
1.0	0.0	-0.5	214
1.0	0.0	-0.5	215
1.0	0.0	-0.5	216
1.0	0.0	-0.5	217
1.0	0.0	-0.5	218
1.0	0.0	-0.5	219
1.0	0.0	-0.5	220
1.0	0.0	-0.5	221
1.0	0.0	-0.5	222
1.0	0.0	-0.5	223
1.0	0.0	-0.5	224
1.0	0.0	-0.5	225
1.0	0.0	-0.5	226
1.0	0.0	-0.5	227
1.0	0.0	-0.5	228
1.0	0.0	-0.5	229
1.0	0.0	-0.5	230
1.0	0.0	-0.5	231
1.0	0.0	-0.5	232
1.0	0.0	-0.5	233
1.0	0.0	-0.5	234
1.0	0.0	-0.5	235
1.0	0.0	-0.5	236
1.0	0.0	-0.5	237
1.0	0.0	-0.5	238
1.0	0.0	-0.5	239
1.0	0.0	-0.5	240
1.0	0.0	-0.5	241
1.0	0.0	-0.5	242
1.0	0.0	-0.5	243
1.0	0.0	-0.5	244
1.0	0.0	-0.5	245
1.0	0.0	-0.5	246
1.0	0.0	-0.5	247
1.0	0.0	-0.5	248
1.0	0.0	-0.5	249
1.0	0.0	-0.5	250
1.0	0.0	-0.5	251
1.0	0.0	-0.5	252
1.0	0.0	-0.5	253
1.0	0.0	-0.5	254
1.0	0.0	-0.5	255
1.0	0.0	-0.5	256
1.0	0.0	-0.5	257
1.0	0.0	-0.5	258
1.0	0.0	-0.5	259
1.0	0.0	-0.5	260
1.0	0.0	-0.5	261
1.0	0.0	-0.5	262
1.0	0.0	-0.5	263
1.0	0.0	-0.5	264
1.0	0.0	-0.5	265
1.0	0.0	-0.5	266
1.0	0.0	-0.5	267
1.0	0.0	-0.5	268
1.0	0.0	-0.5	269
1.0	0.0	-0.5	270
1.0	0.0	-0.5	271
1.0	0.0	-0.5	272
1.0	0.0	-0.5	273
1.0	0.0	-0.5	274
1.0	0.0	-0.5	275
1.0	0.0	-0.5	276
1.0	0.0	-0.5	277
1.0	0.0	-0.5	278
1.0	0.0	-0.5	279
1.0	0.0	-0.5	280
1.0	0.0	-0.5	281
1.0	0.0	-0.5	282
1.0	0.0	-0.5	283
1.0	0.0	-0.5	284
1.0	0.0	-0.5	285
1.0	0.0	-0.5	286
1.0	0.0	-0.5	287
1.0	0.0	-0.5	288
1.0	0.0	-0.5	289
1.0	0.0	-0.5	290
1.0	0.0	-0.5	291
1.0	0.0	-0.5	292
1.0	0.0	-0.5	293
1.0	0.0	-0.5	294
1.0	0.0	-0.5	295
1.0	0.0	-0.5	296
1.0	0.0	-0.5	297
1.0	0.0	-0.5	298
1.0	0.0	-0.5	299
1.0	0.0	-0.5	300
1.0	0.0	-0.5	301
1.0	0.0	-0.5	302
1.0	0.0	-0.5	303
1.0	0.0	-0.5	304
1.0	0.0	-0.5	305
1.0	0.0	-0.5	306
1.0	0.0	-0.5	307
1.0	0.0	-0.5	308
1.0	0.0	-0.5	309
1.0	0.0	-0.5	310
1.0	0.0	-0.5	311
1.0	0.0	-0.5	312
1.0	0.0	-0.5	313
1.0	0.0	-0.5	314
1.0	0.0	-0.5	315
1.0	0.0	-0.5	316
1.0	0.0	-0.5	317
1.0	0.0	-0.5	318
1.0	0.0	-0.5	319
1.0	0.0	-0.5	320
1.0	0.0	-0.5	321
1.0	0.0	-0.5	322
1.0	0.0	-0.5	323
1.0	0.0	-0.5	324
1.0	0.0	-0.5	325
1.0	0.0	-0.5	326
1.0	0.0	-0.5	327
1.0	0.0	-0.5	328
1.0	0.0	-0.5	329
1.0	0.0	-0.5	330
1.0	0.0	-0.5	331
1.0	0.0	-0.5	332
1.0	0.0	-0.5	333
1.0	0.0	-0.5	334
1.0	0.0	-0.5	335
1.0	0.0	-0.5	336
1.0	0.0	-0.5	337
1.0	0.0	-0.5	338
1.0	0.0	-0.5	339
1.0	0.0	-0.5	340
1.0	0.0	-0.5	341
1.0	0.0	-0.5	342
1.0	0.0	-0.5	343
1.0	0.0	-0.5	344
1.0	0.0	-0.5	345
1.0	0.0	-0.5	346
1.0	0.0	-0.5	347
1.0	0.0	-0.5	348
1.0	0.0	-0.5	349
1.0	0.0	-0.5	350
1.0	0.0	-0.5	351
1.0	0.0	-0.5	352
1.0	0.0	-0.5	353
1.0	0.0	-0.5	354
1.0	0.0	-0.5	355
1.0	0.0	-0.5	356
1.0	0.0	-0.5	357
1.0	0.0	-0.5	358
1.0	0.0	-0.5	359
1.0	0.0	-0.5	360
1.0	0.0	-0.5	361
1.0	0.0	-0.5	362
1.0	0.0	-0.5	363
1.0	0.0	-0.5	364
1.0	0.0	-0.5	365
1.0	0.0	-0.5	366
1.0	0.0	-0.5	367
1.0	0.0	-0.5	368
1.0	0.0	-0.5	369
1.0	0.0	-0.5	370
1.0	0.0	-0.5	371
1.0	0.0	-0.5	372
1.0	0.0	-0.5	373
1.0	0.0	-0.5	374
1.0	0.0	-0.5	375
1.0	0.0	-0.5	376
1.0	0.0	-0.5	377
1.0	0.0	-0.5	378
1.0	0.0	-0.5	379
1.0	0.0	-0.5	380
1.0	0.0	-0.5	381
1.0	0.0	-0.5	382
1.0	0.0	-0.5	383
1.0	0.0	-0.5	384
1.0	0.0	-0.5	385
1.0	0.0	-0.5	386
1.0	0.0	-0.5	387
1.0	0.0	-0.5	388
1.0	0.0	-0.5	389
1.0	0.0	-0.5	390
1.0	0.0	-0.5	391
1.0	0.0	-0.5	392
1.0	0.0	-0.5	393
1.0	0.0	-0.5	394
1.0	0.0	-0.5	395
1.0	0.0	-0.5	396
1.0	0.0	-0.5	397
1.0	0.0	-0.5	398
1.0	0.0	-0.5	399
1.0	0.0	-0.5	400
1.0	0.0	-0.5	401
1.0	0.0	-0.5	402
1.0	0.0	-0.5	403
1.0	0.0	-0.5	404
1.0	0.0	-0.5	405
1.0	0.0	-0.5	406
1.0	0.0	-0.5	407
1.0	0.0	-0.5	408
1.0	0.0	-0.5	409
1.0	0.0	-0.5	410
1.0	0.0	-0.5	411
1.0	0.0	-0.5	412
1.0	0.0	-0.5	413
1.0	0.0	-0.5	414
1.0	0.0	-0.5	415
1.0	0.0	-0.5	416
1.0	0.0	-0.5	417
1.0	0.0	-0.5	418
1.0	0.0	-0.5	419
1.0	0.0	-0.5	420
1.0	0.0	-0.5	421
1.0	0.0	-0.5	422
1.0	0.0	-0.5	423
1.0	0.0	-0.5	424
1.0	0.0	-0.5	425
1.0	0.0	-0.5	426
1.0	0.0	-0.5	427
1.0	0.0	-0.5	428
1.0	0.0	-0.5	429
1.0	0.0	-0.5	430
1.0	0.0	-0.5	431
1.0	0.0	-0.5	432
1.0	0.0	-0.5	433
1.0	0.0	-0.5	434
1.0	0.0	-0.5	435
1.0	0.0	-0.5	436
1.0	0.0	-0.5	437
1.0	0.0	-0.5	438
1.0	0.0	-0.5	439
1.0	0.0	-0.5	440
1.0	0.0	-0.5	441
1.0	0.0	-0.5	442
1.0	0.0	-0.5	443
1.0	0.0	-0.5	444
1.0	0.0	-0.5	445
1.0	0.0	-0.5	446
1.0	0.0	-0.5	447
1.0	0.0	-0.5	448
1.0	0.0	-0.5	449
1.0	0.0	-0.5	450
1.0	0.0	-0.5	451
1.0	0.0	-0.5	452
1.0	0.0	-0.5	453
1.0	0.0	-0.5	454
1.0	0.0	-0.5	455
1.0	0.0	-0.5	456
1.0	0.0	-0.5	457
1.0	0.0	-0.5	458
1.0	0.0	-0.5	459
1.0	0.0	-0.5	460
1.0	0.0	-0.5	461
1.0	0.0	-0.5	462
1.0	0.0	-0.5	463
1.0	0.0	-0.5	464
1.0	0.0	-0.5	465
1.0	0.0	-0.5	466
1.0	0.0	-0.5	467
1.0	0.0	-0.5	468
1.0	0.0	-0.5	469
1.0	0.0	-0.5	470
1.0	0.0	-0.5	471
1.0	0.0	-0.5	472
1.0	0.0	-0.5	473
1.0	0.0	-0.5	474
1.0	0.0	-0.5	475
1.0	0.0	-0.5	476
1.0	0.0	-0.5	477
1.0	0.0	-0.5	478
1.0	0.0	-0.5	479
1.0	0.0	-0.5	480
1.0	0.0	-0.5	481
1.0	0.0	-0.5	482
1.0	0.0	-0.5	483
1.0	0.0	-0.5	484
1.0	0.0	-0.5	485
1.0	0.0	-0.5	486
1.0	0.0	-0.5	487
1.0	0.0	-0.5	488
1.0	0.0	-0.5	489
1.0	0.0	-0.5	490
1.0	0.0	-0.5	491
1.0	0.0	-0.5	492
1.0	0.0	-0.5	493
1.0	0.0	-0.5	494
1.0	0.0	-0.5	495
1.0	0.0	-0.5	496
1.0	0.0	-0.5	497
1.0	0.0	-0.5	498
1.0	0.0	-0.5	499
1.0	0.0	-0.5	500
1.0	0.0	-0.5	501
1.0	0.0	-0.5	502
1.0	0.0	-0.5	503
1.0	0.0	-0.5	504
1.0	0.0	-0.5	505
1.0	0.0	-0.5	506
1.0	0.0	-0.5	507
1.0	0.0	-0.5	508
1.0	0.0	-0.5	509
1.0	0.0	-0.5	510
1.0	0.0	-0.5	511
1.0	0.0	-0.5	512
1.0	0.0	-0.5	513
1.0	0.0	-0.5	514
1.0	0.0	-0.5	515
1.0	0.0	-0.5	516
1.0	0.0	-0.5	517
1.0	0.0	-0.5	518
1.0	0.0	-0.5	519
1.0	0.0	-0.5	520
1.0	0.0	-0.5	521
1.0	0.0	-0.5	522
1.0	0.0	-0.5	523
1.0	0.0	-0.5	524
1.0	0.0	-0.5	525
1.0	0.0	-0.5	526
1.0	0.0	-0.5	527
1.0	0.0	-0.5	528
1.0	0.0	-0.5	529
1.0	0.0	-0.5	530
1.0	0.0	-0.5	531
1.0	0.0	-0.5	532
1.0	0.0	-0.5	533
1.0	0.0	-0.5	534
1.0	0.0	-0.5	535
1.0	0.0	-0.5	536
1.0	0.0	-0.5	537
1.0	0.0	-0.5	538
1.0	0.0	-0.5	539
1.0	0.0	-0.5	540
1.0	0.0	-0.5	541
1.0	0.0	-0.5	542
1.0	0.0	-0.5	543
1.0	0.0	-0.5	544
1.0	0.0	-0.5	545
1.0	0.0	-0.5	546
1.0	0.0	-0.5	547
1.0	0.0	-0.5	548
1.0	0.0	-0.5	549
1.0	0.0	-0.5	550
1.0	0.0	-0.5	551
1.0	0.0	-0.5	552
1.0	0.0	-0.5	553
1.0	0.0	-0.5	554
1.0	0.0	-0.5	555
1.0	0.0	-0.5	556
1.0	0.0	-0.5	557
1.0	0.0	-0.5	558
1.0	0.0	-0.5	559
1.0	0.0	-0.5	560
1.0	0.0	-0.5	561
1.0	0.0	-0.5	562
1.0	0.0	-0.5	563
1.0	0.0	-0.5	564
1.0	0.0	-0.5	565
1.0	0.0	-0.5	566
1.0	0.0	-0.5	567
1.0	0.0	-0.5	568
1.0	0.0	-0.5	569
1.0	0.0	-0.5	570
1.0	0.0	-0.5	571
1.0	0.0	-0.5	572
1.0	0.0	-0.5	573
1.0	0.0	-0.5	574
1.0	0.0	-0.5	575
1.0	0.0	-0.5	576
1.0	0.0	-0.5	577
1.0	0.0	-0.5	578
1.0	0.0	-0.5	579
1.0	0.0	-0.5	580
1.0	0.0	-0.5	581
1.0	0.0	-0.5	582
1.0	0.0	-0.5	583
1.0	0.0	-0.5	584
1.0	0.0	-0.5	585
1.0	0.0	-0.5	586
1.0	0.0	-0.5	587
1.0	0.0	-0.5	588
1.0	0.0	-0.5	589
1.0	0.0	-0.5	590
1.0	0.0	-0.5	591
1.0	0.0	-0.5	592
1.0	0.0	-0.5	593
1.0	0.0	-0.5	594
1.0	0.0	-0.5	595
1.0	0.0	-0.5	596
1.0	0.0	-0.5	597
1.0	0.0	-0.5	598
1.0	0.0	-0.5	599
1.0	0.0	-0.5	600
1.0	0.0	-0.5	601
1.0	0.0	-0.5	602
1.0	0.0	-0.5	603
1.0	0.0	-0.5	604
1.0	0.0	-0.5	605
1.0	0.0	-0.5	606
1.0	0.0	-0.5	607
1.0	0.0	-0.5	608
1.0	0.0	-0.5	609
1.0	0.0	-0.5	610
1.0	0.0	-0.5	611
1.0	0.0	-0.5	612
1.0	0.0	-0.5	613
1.0	0.0	-0.5	614
1.0	0.0	-0.5	615
1.0	0.0	-0.5	616
1.0	0.0	-0.5	617
1.0	0.0	-0.5	618
1.0	0.0	-0.5	619
1.0	0.0	-0.5	620
1.0	0.0	-0.5	621
1.0	0.0	-0.5	622
1.0	0.0	-0.5	623
1.0	0.0	-0.5	624
1.0	0.0	-0.5	625
1.0	0.0	-0.5	626
1.0	0.0	-0.5	627
1.0	0.0	-0.5	628
1.0	0.0	-0.5	629
1.0	0.0	-0.5	630
1.0	0.0	-0.5	631
1.0	0.0	-0.5	632
1.0	0.0	-0.5	633
1.0	0.0	-0.5	634
1.0	0.0	-0.5	635
1.0	0.0	-0.5	636
1.0	0.0	-0.5	637
1.0	0.0	-0.5	638
1.0	0.0	-0.5	639
1.0	0.0	-0.5	640
1.0	0.0	-0.5	641
1.0	0.0	-0.5	642
1.0	0.0	-0.5	643
1.0	0.0	-0.5	644
1.0	0.0	-0.5	645
1.0	0.0	-0.5	646
1.0	0.0	-0.5	647
1.0	0.0	-0.5	648
1.0	0.0	-0.5	649
1.0	0.0	-0.5	650
1.0	0.0	-0.5	651
1.0	0.0	-0.5	652
1.0	0.0	-0.5	653
1.0	0.0	-0.5	654
1.0	0.0	-0.5	655
1.0	0.0	-0.5	656
1.0	0.0	-0.5	657
1.0	0.0	-0.5	658
1.0	0.0	-0.5	659
1.0	0.0	-0.5	660
1.0	0.0	-0.5	661
1.0	0.0	-0.5	662
1.0	0.0	-0.5	663
1.0	0.0	-0.5	664
1.0	0.0	-0.5	665
1.0	0.0	-0.5	666
1.0	0.0	-0.5	667
1.0	0.0	-0.5	668
1.0	0.0	-0.5	669
1.0	0.0	-0.5	670
1.0	0.0	-0.5	671
1.0	0.0	-0.5	672
1.0	0.0	-0.5	673
1.0	0.0	-0.5	674
1.0	0.0	-0.5	675
1.0	0.0	-0.5	676
1.0	0.0	-0.5	677
1.0	0.0	-0.5	678
1.0	0.0	-0.5	679
1.0	0.0	-0.5	680
1.0	0.0	-0.5	681
1.0	0.0	-0.5	682
1.0	0.0	-0.5	683
1.0	0.0	-0.5	684
1.0	0.0	-0.5	685
1.0	0.0	-0.5	686
1.0	0.0	-0.5	687
1.0	0.0	-0.5	688
1.0	0.0	-0.5	689
1.0	0.0	-0.5	690
1.0	0.0	-0.5	691
1.0	0.0	-0.5	692
1.0	0.0	-0.5	693
1.0	0.0	-0.5	694
1.0	0.0	-0.5	695
1.0	0.0	-0.5	696
1.0	0.0	-0.5	697
1.0	0.0	-0.5	698
1.0	0.0	-0.5	699
1.0	0.0	-0.5	700
1.0	0.0	-0.5	701
1.0	0.0	-0.5	702
1.0	0.0	-0.5	703
1.0	0.0	-0.5	704
1.0	0.0	-0.5	705
1.0	0.0	-0.5	706
1.0	0.0	-0.5	707
1.0	0.0	-0.5	708
1.0	0.0	-0.5	709
1.0	0.0	-0.5	710
1.0	0.0	-0.5	711
1.0	0.0	-0.5	712
1.0	0.0	-0.5	713
1.0	0.0	-0.5	714
1.0	0.0	-0.5	715
1.0	0.0	-0.5	716
1.0	0.0	-0.5	717
1.0	0.0	-0.5	718
1.0	0.0	-0.5	719
1.0	0.0	-0.5	720
1.0	0.0	-0.5	721
1.0	0.0	-0.5	722
1.0	0.0	-0.5	723
1.0	0.0	-0.5	724
1.0	0.0	-0.5	725
1.0	0.0	-0.5	726
1.0	0.0	-0.5	727
1.0	0.0	-0.5	728
1.0	0.0	-0.5	729
1.0	0.0	-0.5	730
1.0	0.0	-0.5	731
1.0	0.0	-0.5	732
1.0	0.0	-0.5	733
1.0	0.0	-0.5	734
1.0	0.0	-0.5	735
1.0	0.0	-0.5	736
1.0	0.0	-0.5	737
1.0	0.0	-0.5	738
1.0	0.0	-0.5	739
1.0	0.0	-0.5	740
1.0	0.0	-0.5	741
1.0	0.0	-0.5	742
1.0	0.0	-0.5	743
1.0	0.0	-0.5	744
1.0	0.0	-0.5	745
1.0	0.0	-0.5	746
1.0	0.0	-0.5	747
1.0	0.0	-0.5	748
1.0	0.0	-0.5	749
1.0	0.0	-0.5	750
1.0	0.0	-0.5	751
1.0	0.0	-0.5	752
1.0	0.0	-0.5	753
1.0	0.0	-0.5	754
1.0	0.0	-0.5	755
1.0	0.0	-0.5	756
1.0	0.0	-0.5	757
1.0	0.0	-0.5	758
1.0	0.0	-0.5	759
1.0	0.0	-0.5	760
1.0	0.0	-0.5	761
1.0	0.0	-0.5	762
1.0	0.0	-0.5	763
1.0	0.0	-0.5	764
1.0	0.0	-0.5	765
1.0	0.0	-0.5	766
1.0	0.0	-0.5	767
1.0	0.0	-0.5	768
1.0	0.0	-0.5	769
1.0	0.0	-0.5	770
1.0	0.0	-0.5	771
1.0	0.0	-0.5	772
1.0	0.0	-0.5	773
1.0	0.0	-0.5	774
1.0	0.0	-0.5	775
1.0	0.0	-0.5	776
1.0	0.0	-0.5	777
1.0	0.0	-0.5	778
1.0	0.0	-0.5	779
1.0	0.0	-0.5	780
1.0	0.0	-0.5	781
1.0	0.0	-0.5	782
1.0	0.0	-0.5	783
1.0	0.0	-0.5	784
1.0	0.0	-0.5	785
1.0	0.0	-0.5	786
1.0	0.0	-0.5	787
1.0	0.0	-0.5	788
1.0	0.0	-0.5	789
1.0	0.0	-0.5	790
1.0	0.0	-0.5	791
1.0	0.0	-0.5	792
1.0	0.0	-0.5	793
1.0	0.0	-0.5	794
1.0	0.0	-0.5	795
1.0	0.0	-0.5	796
1.0	0.0	-0.5	797
1.0	0.0	-0.5	798
1.0	0.0	-0.5	799
1.0	0.0	-0.5	800
1.0	0.0	-0.5	801
1.0	0.0	-0.5	802
1.0	0.0	-0.5	803
1.0	0.0	-0.5	804
1.0	0.0	-0.5	805
1.0	0.0	-0.5	806
1.0	0.0	-0.5	807
1.0	0.0	-0.5	808
1.0	0.0	-0.5	809
1.0	0.0	-0.5	810
1.0	0.0	-0.5	811
1.0	0.0	-0.5	812
1.0	0.0	-0.5	813
1.0	0.0	-0.5	814
1.0	0.0	-0.5	815
1.0	0.0	-0.5	816
1.0	0.0	-0.5	817
1.0	0.0	-0.5	818
1.0	0.0	-0.5	819
1.0	0.0	-0.5	820
1.0	0.0	-0.5	821
1.0	0.0	-0.5	822
1.0	0.0	-0.5	823
1.0	0.0	-0.5	824
1.0	0.0	-0.5	825
1.0	0.0	-0.5	826
1.0	0.0	-0.5	827
1.0	0.0	-0.5	828
1.0	0.0	-0.5	829
1.0	0.0	-0.5	830
1.0	0.0	-0.5	831
1.0	0.0	-0.5	832
1.0	0.0	-0.5	833
1.0	0.0	-0.5	834
1.0	0.0	-0.5	835
1.0	0.0	-0.5	836
1.0	0.0	-0.5	837
1.0	0.0	-0.5	838
1.0	0.0	-0.5	839
1.0	0.0	-0.5	840
1.0	0.0	-0.5	841
1.0	0.0	-0.5	842
1.0	0.0	-0.5	843
1.0	0.0	-0.5	844
1.0	0.0	-0.5	845
1.0	0.0	-0.5	846
1.0	0.0	-0.5	847
1.0	0.0	-0.5	848
1.0	0.0	-0.5	849
1.0	0.0	-0.5	850
1.0	0.0	-0.5	851
1.0	0.0	-0.5	852
1.0	0.0	-0.5	853
1.0	0.0	-0.5	854
1.0	0.0	-0.5	855
1.0	0.0	-0.5	856
1.0	0.0	-0.5	857
1.0	0.0	-0.5	858
1.0	0.0	-0.5	859
1.0	0.0	-0.5	860
1.0	0.0	-0.5	861
1.0	0.0	-0.5	862
1.0	0.0	-0.5	863
1.0	0.0	-0.5	864
1.0	0.0	-0.5	865
1.0	0.0	-0.5	866
1.0	0.0	-0.5	867
1.0	0.0	-0.5	868
1.0	0.0	-0.5	869
1.0	0.0	-0.5	870
1.0	0.0	-0.5	871
1.0	0.0	-0.5	872
1.0	0.0	-0.5	873
1.0	0.0	-0.5	874
1.0	0.0	-0.5	875
1.0	0.0	-0.5	876
1.0	0.0	-0.5	877
1.0	0.0	-0.5	878
1.0	0.0	-0.5	879
1.0	0.0	-0.5	880
1.0	0.0	-0.5	881
1.0	0.0	-0.5	882
1.0	0.0	-0.5	883
1.0	0.0	-0.5	884
1.0	0.0	-0.5	885
1.0	0.0	-0.5	886
1.0	0.0	-0.5	887
1.0	0.0	-0.5	888
1.0	0.0	-0.5	889
1.0	0.0	-0.5	890
1.0	0.0	-0.5	891
1.0	0.0	-0.5	892
1.0	0.0	-0.5	893
1.0	0.0	-0.5	894
1.0	0.0	-0.5	895
1.0	0.0	-0.5	896
1.0	0.0	-0.5	897
1.0	0.0	-0.5	898
1.0	0.0	-0.5	899
1.0	0.0	-0.5	900
1.0	0.0	-0.5	901
1.0	0.0	-0.5	902
1.0	0.0	-0.5	903
1.0	0.0	-0.5	904
1.0	0.0	-0.5	905
1.0	0.0	-0.5	906
1.0	0.0	-0.5	907
1.0	0.0	-0.5	908
1.0	0.0	-0.5	909
1.0	0.0	-0.5	910
1.0	0.0	-0.5	911
1.0	0.0	-0.5	912
1.0	0.0	-0.5	913
1.0	0.0	-0.5	914
1.0	0.0	-0.5	915
1.0	0.0	-0.5	916
1.0	0.0	-0.5	917
1.0	0.0	-0.5	918
1.0	0.0	-0.5	919
1.0	0.0	-0.5	920
1.0	0.0	-0.5	921
1.0	0.0	-0.5	922
1.0	0.0	-0.5	923
1.0	0.0	-0.5	924
1.0	0.0	-0.5	925
1.0	0.0	-0.5	926
1.0	0.0	-0.5	927
1.0	0.0	-0.5	928
1.0	0.0	-0.5	929
1.0	0.0	-0.5	930
1.0	0.0	-0.5	931
1.0	0.0	-0.5	932
1.0	0.0	-0.5	933
1.0	0.0	-0.5	934
1.0	0.0	-0.5	935
1.0	0.0	-0.5	936
1.0	0.0	-0.5	937
1.0	0.0	-0.5	938
1.0	0.0	-0.5	939
1.0	0.0	-0.5	940
1.0	0.0	-0.5	941
1.0	0.0	-0.5	942
1.0	0.0	-0.5	943
1.0	0.0	-0.5	944
1.0	0.0	-0.5	945
1.0	0.0	-0.5	946
1.0	0.0	-0.5	947
1.0	0.0	-0.5	948
1.0	0.0	-0.5	949
1.0	0.0	-0.5	950
1.0	0.0	-0.5	951
1.0	0.0	-0.5	952
1.0	0.0	-0.5	953
1.0	0.0	-0.5	954
1.0	0.0	-0.5	955
1.0	0.0	-0.5	956
1.0	0.0	-0.5	957
1.0	0.0	-0.5	958
1.0	0.0	-0.5	959
1.0	0.0	-0.5	960
1.0	0.0	-0.5	961
1.0	0.0	-0.5	962
1.0	0.0	-0.5	963
1.0	0.0	-0.5	964
1.0	0.0	-0.5	965
1.0	0.0	-0.5	966
1.0	0.0	-0.5	967
1.0	0.0	-0.5	968
1.0	0.0	-0.5	969
1.0	0.0	-0.5	970
1.0	0.0	-0.5	971
1.0	0.0	-0.5	972
1.0	0.0	-0.5	973
1.0	0.0	-0.5	974
1.0	0.0	-0.5	975
1.0	0.0	-0.5	976
1.0	0.0	-0.5	977
1.0	0.0	-0.5	978
1.0	0.0	-0.5	979
1.0	0.0	-0.5	980
1.0	0.0	-0.5	981
1.0	0.0	-0.5	982
1.0	0.0	-0.5	983
1.0	0.0	-0.5	984
1.0	0.0	-0.5	985
1.0	0.0	-0.5	986
1.0	0.0	-0.5	987
1.0	0.0	-0.5	988
1.0	0.0	-0.5	989
1.0	0.0	-0.5	990
1.0	0.0	-0.5	991
1.0	0.0	-0.5	992
1.0	0.0	-0.5	993
1.0	0.0	-0.5	994
1.0	0.0	-0.5	995
1.0	0.0	-0.5	996
1.0	0.0	-0.5	997
1.0	0.0	-0.5	998
1.0	0.0	-0.5	999
1.0	0.0	-0.5	1000
1.0	0.0	-0.5	1001
1.0	0.0	-0.5	1002
1.0	0.0	-0.5	1003
1.0	0.0	-0.5	1004
1.0	0.0	-0.5	1005
1.0	0.0	-0.5	1006
1.0	0.0	-0.5	1007
1.0	0.0	-0.5	1008
1.0	0.0	-0.5	1009
1.0	0.0	-0.5	1010
1.0	0.0	-0.5	1011
1.0	0.0	-0.5	1012
1.0	0.0	-0.5	1013
1.0	0.0	-0.5	1014
1.0	0.0	-0.5	1015
1.0	0.0	-0.5	1016
1.0	0.0	-0.5	1017
1.0	0.0	-0.5	1018
1.0	0.0	-0.5	1019
1.0	0.0	-0.5	1020
1.0	0.0	-0.5	1021
1.0	0.0	-0.5	1022
1.0	0.0	-0.5	1023
1.0	0.0	-0.5	1024
1.0	0.0	-0.5	1025
1.0	0.0	-0.5	1026
1.0	0.0	-0.5	1027
1.0	0.0	-0.5	1028
1.0	0.0	-0.5	1029
1.0	0.0	-0.5	1030
1.0	0.0	-0.5	1031
1.0	0.0	-0.5	1032
1.0	0.0	-0.5	1033
1.0	0.0	-0.5	1034
1.0	0.0	-0.5	1035
1.0	0.0	-0.5	1036
1.0	0.0	-0.5	1037
1.0	0.0	-0.5	1038
1.0	0.0	-0.5	1039
1.0	0.0	-0.5	1040
1.0	0.0	-0.5	1041
1.0	0.0	-0.5	1042
1.0	0.0	-0.5	1043
1.0	0.0	-0.5	1044
1.0	0.0	-0.5	1045
1.0	0.0	-0.5	1046
1.0	0.0	-0.5	1047
1.0	0.0	-0.5	1048
1.0	0.0	-0.5	1049
1.0	0.0	-0.5	1050
1.0	0.0	-0.5	1051
1.0	0.0	-0.5	1052
1.0	0.0	-0.5	1053
1.0	0.0	-0.5	1054
1.0	0.0	-0.5	1055
1.0	0.0	-0.5	1056
1.0	0.0	-0.5	1057
1.0	0.0	-0.5	1058
1.0	0.0	-0.5	1059
1.0	0.0	-0.5	1060
1.0	0.0	-0.5	1061
1.0	0.0	-0.5	1062
1.0	0.0	-0.5	1063
1.0	0.0	-0.5	1064
1.0	0.0	-0.5	1065
1.0	0.0	-0.5	1066
1.0	0.0	-0.5	1067
1.0	0.0	-0.5	1068
1.0	0.0	-0.5	1069
1.0	0.0	-0.5	1070
1.0	0.0	-0.5	1071
1.0	0.0	-0.5	1072
1.0	0.0	-0.5	1073
1.0	0.0	-0.5	1074
1.0	0.0	-0.5	1075
1.0	0.0	-0.5	1076
1.0	0.0	-0.5	1077
1.0	0.0	-0.5	1078
1.0	0.0	-0.5	1079
1.0	0.0	-0.5	1080
1.0	0.0	-0.5	1081
1.0	0.0	-0.5	1082
1.0	0.0	-0.5	1083
1.0	0.0	-0.5	1084
1.0	0.0	-0.5	1085
1.0	0.0	-0.5	1086
1.0	0.0	-0.5	1087
1.0	0.0	-0.5	1088
1.0	0.0	-0.5	1089
1.0	0.0	-0.5	1090
1.0	0.0	-0.5	1091
1.0	0.0	-0.5	1092
1.0	0.0	-0.5	1093
1.0	0.0	-0.5	1094
1.0	0.0	-0.5	1095
1.0	0.0	-0.5	1096
1.0	0.0	-0.5	1097
1.0	0.0	-0.5	1098
1.0	0.0	-0.5	1099
1.0	0.0	-0.5	1100
1.0	0.0	-0.5	1101
1.0	0.0	-0.5	1102
1.0	0.0	-0.5	1103
1.0	0.0	-0.5	1104
1.0	0.0	-0.5	1105
1.0	0.0	-0.5	1106
1.0	0.0	-0.5	1107
1.0	0.0	-0.5	1108
1.0	0.0	-0.5	1109
1.0	0.0	-0.5	1110
1.0	0.0	-0.5	1111
1.0	0.0	-0.5	1112
1.0	0.0	-0.5	1113
1.0	0.0	-0.5	1114
1.0	0.0	-0.5	1115
1.0	0.0	-0.5	1116
1.0	0.0	-0.5	1117
1.0	0.0	-0.5	1118
1.0	0.0	-0.5	1119
1.0	0.0	-0.5	1120
1.0	0.0	-0.5	1121
1.0	0.0	-0.5	1122
1.0	0.0	-0.5	1123
1.0	0.0	-0.5	1124
1.0	0.0	-0.5	1125
1.0	0.0	-0.5	1126
1.0	0.0	-0.5	1127
1.0	0.0	-0.5	1128
1.0	0.0	-0.5	1129
1.0	0.0	-0.5	1130
1.0	0.0	-0.5	1131
1.0	0.0	-0.5	1132
1.0	0.0	-0.5	1133
1.0	0.0	-0.5	1134
1.0	0.0	-0.5	1135
1.0	0.0	-0.5	1136
1.0	0.0	-0.5	1137
1.0	0.0	-0.5	1138
1.0	0.0	-0.5	1139
1.0	0.0	-0.5	1140
1.0	0.0	-0.5	1141
1.0	0.0	-0.5	1142
1.0	0.0	-0.5	1143
1.0	0.0	-0.5	1144
1.0	0.0	-0.5	1145
1.0	0.0	-0.5	1146
1.0	0.0	-0.5	1147
1.0	0.0	-0.5	1148
1.0	0.0	-0.5	1149
1.0	0.0	-0.5	1150
1.0	0.0	-0.5	1151
1.0	0.0	-0.5	1152
1.0	0.0	-0.5	1153
1.0	0.0	-0.5	1154
1.0	0.0	-0.5	1155
1.0	0.0	-0.5	1156
1.0	0.0	-0.5	1157
1.0	0.0	-0.5	1158
1.0	0.0	-0.5	1159
1.0	0.0	-0.5	1160
1.0	0.0	-0.5	1161
1.0	0.0	-0.5	1162
1.0	0.0	-0.5	1163
1.0	0.0	-0.5	1164
1.0	0.0	-0.5	1165
1.0	0.0	-0.5	1166
1.0	0.0	-0.5	1167
1.0	0.0	-0.5	1168
1.0	0.0	-0.5	1169
1.0	0.0	-0.5	1170
1.0	0.0	-0.5	1171
1.0	0.0	-0.5	1172
1.0	0.0	-0.5	1173
1.0	0.0	-0.5	1174
1.0	0.0	-0.5	1175
1.0	0.0	-0.5	1176
1.0	0.0	-0.5	1177
1.0	0.0	-0.5	1178
1.0	0.0	-0.5	1179
1.0	0.0	-0.5	1180
1.0	0.0	-0.5	1181
1.0	0.0	-0.5	1182
1.0	0.0	-0.5	1183
1.0	0.0	-0.5	1184
1.0	0.0	-0.5	1185
1.0	0.0	-0.5	1186
1.0	0.0	-0.5	1187
1.0	0.0	-0.5	1188
1.0	0.0	-0.5	1189
1.0	0.0	-0.5	1190
1.0	0.0	-0.5	1191
1.0	0.0	-0.5	1192
1.0	0.0	-0.5	1193
1.0	0.0	-0.5	1194
1.0	0.0	-0.5	1195
1.0	0.0	-0.5	1196
1.0	0.0	-0.5	1197
1.0	0.0	-0.5	1198
1.0	0.0	-0.5	1199
1.0	0.0	-0.5	1200
1.0	0.0	-0.5	1201
1.0	0.0	-0.5	1202
1.0	0.0	-0.5	1203
1.0	0.0	-0.5	1204
1.0	0.0	-0.5	1205
1.0	0.0	-0.5	1206
1.0	0.0	-0.5	1207
1.0	0.0	-0.5	1208
1.0	0.0	-0.5	1209
1.0	0.0	-0.5	1210
1.0	0.0	-0.5	1211
1.0	0.0	-0.5	1212
1.0	0.0	-0.5	1213
1.0	0.0	-0.5	1214
1.0	0.0	-0.5	1215
1.0	0.0	-0.5	1216
1.0	0.0	-0.5	1217
1.0	0.0	-0.5	1218
1.0	0.0	-0.5	1219
1.0	0.0	-0.5	1220
1.0	0.0	-0.5	1221
1.0	0.0	-0.5	1222
1.0	0.0	-0.5	1223
1.0	0.0	-0.5	1224
1.0	0.0	-0.5	1225
1.0	0.0	-0.5	1226
1.0	0.0	-0.5	1227
1.0	0.0	-0.5	1228
1.0	0.0	-0.5	1229
1.0	0.0	-0.5	1230
1.0	0.0	-0.5	1231
1.0	0.0	-0.5	1232
1.0	0.0	-0.5	1233
1.0	0.0	-0.5	1234
1.0	0.0	-0.5	1235
1.0	0.0	-0.5	1236
1.0	0.0	-0.5	1237
1.0	0.0	-0.5	1238
1.0	0.0	-0.5	1239
1.0	0.0	-0.5	1240
1.0	0.0	-0.5	1241
1.0	0.0	-0.5	1242
1.0	0.0	-0.5	1243
1.0	0.0	-0.5	1244
1.0	0.0	-0.5	1245
1.0	0.0	-0.5	1246
1.0	0.0	-0.5	1247
1.0	0.0	-0.5	1248
1.0	0.0	-0.5	1249
1.0	0.0	-0.5	1250
1.0	0.0	-0.5	1251
1.0	0.0	-0.5	1252
1.0	0.0	-0.5	1253
1.0	0.0	-0.5	1254
1.0	0.0	-0.5	1255
1.0	0.0	-0.5	1256
1.0	0.0	-0.5	1257
1.0	0.0	-0.5	1258
1.0	0.0	-0.5	1259
1.0	0.0	-0.5	1260
1.0	0.0	-0.5	1261
1.0	0.0	-0.5	1262
1.0	0.0	-0.5	1263
1.0	0.0	-0.5	1264
1.0	0.0	-0.5	1265
1.0	0.0	-0.5	1266
1.0	0.0	-0.5	1267
1.0	0.0	-0.5	1268
1.0	0.0	-0.5	1269
1.0	0.0	-0.5	1270
1.0	0.0	-0.5	1271
1.0	0.0	-0.5	1272
1.0	0.0	-0.5	1273
1.0	0.0	-0.5	1274
1.0	0.0	-0.5	1275
1.0	0.0	-0.5	1276
1.0	0.0	-0.5	1277
1.0	0.0	-0.5	1278
1.0	0.0	-0.5	1279
1.0	0.0	-0.5	1280
1.0	0.0	-0.5	1281
1.0	0.0	-0.5	1282
1.0	0.0	-0.5	1283
1.0	0.0	-0.5	1284
1.0	0.0	-0.5	1285
1.0	0.0	-0.5	1286
1.0	0.0	-0.5	1287
1.0	0.0	-0.5	1288
1.0	0.0	-0.5	1289
1.0	0.0	-0.5	1290
1.0	0.0	-0.5	1291
1.0	0.0	-0.5	1292
1.0	0.0	-0.5	1293
1.0	0.0	-0.5	1294
1.0	0.0	-0.5	1295
1.0	0.0	-0.5	1296
1.0	0.0	-0.5	1297
1.0	0.0	-0.5	1298
1.0	0.0	-0.5	1299
1.0	0.0	-0.5	1300
1.0	0.0	-0.5	1301
1.0	0.0	-0.5	1302
1.0	0.0	-0.5	1303
1.0	0.0	-0.5	1304
1.0	0.0	-0.5	1305
1.0	0.0	-0.5	1306
1.0	0.0	-0.5	1307
1.0	0.0	-0.5	1308
1.0	0.0	-0.5	1309
1.0	0.0	-0.5	1310
1.0	0.0	-0.5	1311
1.0	0.0	-0.5	1312
1.0	0.0	-0.5	1313
1.0	0.0	-0.5	1314
1.0	0.0	-0.5	1315
1.0	0.0	-0.5	1316
1.0	0.0	-0.5	1317
1.0	0.0	-0.5	1318
1.0	0.0	-0.5	1319
1.0	0.0	-0.5	1320
1.0	0.0	-0.5	1321
1.0	0.0	-0.5	1322
1.0	0.0	-0.5	1323
1.0	0.0	-0.5	1324
1.0	0.0	-0.5	1325
1.0	0.0	-0.5	1326
1.0	0.0	-0.5	1327
1.0	0.0	-0.5	1328
1.0	0.0	-0.5	1329
1.0	0.0	-0.5	1330
1.0	0.0	-0.5	1331
1.0	0.0	-0.5	1332
1.0	0.0	-0.5	1333
1.0	0.0	-0.5	1334
1.0	0.0	-0.5	1335
1.0	0.0	-0.5	1336
1.0	0.0	-0.5	1337
1.0	0.0	-0.5	1338
1.0	0.0	-0.5	1339
1.0	0.0	-0.5	1340
1.0	0.0	-0.5	1341
1.0	0.0	-0.5	1342
1.0	0.0	-0.5	1343
1.0	0.0	-0.5	1344
1.0	0.0	-0.5	1345
1.0	0.0	-0.5	1346
1.0	0.0	-0.5	1347
1.0	0.0	-0.5	1348
1.0	0.0	-0.5	1349
1.0	0.0	-0.5	1350
1.0	0.0	-0.5	1351
1.0	0.0	-0.5	1352
1.0	0.0	-0.5	1353
1.0	0.0	-0.5	1354
1.0	0.0	-0.5	1355
1.0	0.0	-0.5	1356
1.0	0.0	-0.5	1357
1.0	0.0	-0.5	1358
1.0	0.0	-0.5	1359
1.0	0.0	-0.5	1360
1.0	0.0	-0.5	1361
1.0	0.0	-0.5	1362
1.0	0.0	-0.5	1363
1.0	0.0	-0.5	1364
1.0	0.0	-0.5	1365
1.0	0.0	-0.5	1366
1.0	0.0	-0.5	1367
1.0	0.0	-0.5	1368
1.0	0.0	-0.5	1369
1.0	0.0	-0.5	1370
1.0	0.0	-0.5	1371
1.0	0.0	-0.5	1372
1.0	0.0	-0.5	1373
1.0	0.0	-0.5	1374
1.0	0.0	-0.5	1375
1.0	0.0	-0.5	1376
1.0	0.0	-0.5	1377
1.0	0.0	-0.5	1378
1.0	0.0	-0.5	1379
1.0	0.0	-0.5	1380
1.0	0.0	-0.5	1381
1.0	0.0	-0.5	1382
1.0	0.0	-0.5	1383
1.0	0.0	-0.5	1384
1.0	0.0	-0.5	1385
1.0	0.0	-0.5	1386
1.0	0.0	-0.5	1387
1.0	0.0	-0.5	1388
1.0	0.0	-0.5	1389
1.0	0.0	-0.5	1390
1.0	0.0	-0.5	1391
1.0	0.0	-0.5	1392
1.0	0.0	-0.5	1393
1.0	0.0	-0.5	1394
1.0	0.0	-0.5	1395
1.0	0.0	-0.5	1396
1.0	0.0	-0.5	1397
1.0	0.0	-0.5	1398
1.0	0.0	-0.5	1399
1.0	0.0	-0.5	1400
1.0	0.0	-0.5	1401
1.0	0.0	-0.5	1402
1.0	0.0	-0.5	1403
1.0	0.0	-0.5	1404
1.0	0.0	-0.5	1405
1.0	0.0	-0.5	1406
1.0	0.0	-0.5	1407
1.0	0.0	-0.5	1408
1.0	0.0	-0.5	1409
1.0	0.0	-0.5	1410
1.0	0.0	-0.5	1411
1.0	0.0	-0.5	1412
1.0	0.0	-0.5	1413
1.0	0.0	-0.5	1414
1.0	0.0	-0.5	1415
1.0	0.0	-0.5	1416
1.0	0.0	-0.5	1417
1.0	0.0	-0.5	1418
1.0	0.0	-0.5	1419
1.0	0.0	-0.5	1420
1.0	0.0	-0.5	1421
1.0	0.0	-0.5	1422
1.0	0.0	-0.5	1423
1.0	0.0	-0.5	1424
1.0	0.0	-0.5	1425
1.0	0.0	-0.5	1426
1.0	0.0	-0.5	1427
1.0	0.0	-0.5	1428
1.0	0.0	-0.5	1429
1.0	0.0	-0.5	1430
1.0	0.0	-0.5	1431
1.0	0.0	-0.5	1432
1.0	0.0	-0.5	1433
1.0	0.0	-0.5	1434
1.0	0.0	-0.5	1435
1.0	0.0	-0.5	1436
1.0	0.0	-0.5	1437
1.0	0.0	-0.5	1438
1.0	0.0	-0.5	1439
1.0	0.0	-0.5	1440
1.0	0.0	-0.5	1441
1.0	0.0	-0.5	1442
1.0	0.0	-0.5	1443
1.0	0.0	-0.5	1444
1.0	0.0	-0.5	1445
1.0	0.0	-0.5	1446
1.0	0.0	-0.5	1447
1.0	0.0	-0.5	1448
1.0	0.0	-0.5	1449
1.0	0.0	-0.5	1450
1.0	0.0	-0.5	1451
1.0	0.0	-0.5	1452
1.0	0.0	-0.5	1453
1.0	0.0	-0.5	1454
1.0	0.0	-0.5	1455
1.0	0.0	-0.5	1456
1.0	0.0	-0.5	1457
1.0	0.0	-0.5	1458
1.0	0.0	-0.5	1459
1.0	0.0	-0.5	1460
1.0	0.0	-0.5	1461
1.0	0.0	-0.5	1462
1.0	0.0	-0.5	1463
1.0	0.0	-0.5	1464
1.0	0.0	-0.5	1465
1.0	0.0	-0.5	1466
1.0	0.0	-0.5	1467
1.0	0.0	-0.5	1468
1.0	0.0	-0.5	1469
1.0	0.0	-0.5	1470
1.0	0.0	-0.5	1471
1.0	0.0	-0.5	1472
1.0	0.0	-0.5	1473
1.0	0.0	-0.5	1474
1.0	0.0	-0.5	1475
1.0	0.0	-0.5	1476
1.0	0.0	-0.5	1477
1.0	0.0	-0.5	1478
1.0	0.0	-0.5	1479
1.0	0.0	-0.5	1480
1.0	0.0	-0.5	1481
1.0	0.0	-0.5	1482
1.0	0.0	-0.5	1483
1.0	0.0	-0.5	1484
1.0	0.0	-0.5	1485
1.0	0.0	-0.5	1486
1.0	0.0	-0.5	1487
1.0	0.0	-0.5	1488
1.0	0.0	-0.5	1489
1.0	0.0	-0.5	1490
1.0	0.0	-0.5	1491
1.0	0.0	-0.5	1492
1.0	0.0	-0.5	1493
1.0	0.0	-0.5	1494
1.0	0.0	-0.5	1495
1.0	0.0	-0.5	1496
1.0	0.0	-0.5	1497
1.0	0.0	-0.5	1498
1.0	0.0	-0.5	1499
1.0	0.0	-0.5	1500
1.0	0.0	-0.5	1501
1.0	0.0	-0.5	1502
1.0	0.0	-0.5	1503
1.0	0.0	-0.5	1504
1.0	0.0	-0.5	1505
1.0	0.0	-0.5	1506
1.0	0.0	-0.5	1507
1.0	0.0	-0.5	1508
1.0	0.0	-0.5	1509
1.0	0.0	-0.5	1510
1.0	0.0	-0.5	1511
1.0	0.0	-0.5	1512
1.0	0.0	-0.5	1513
1.0	0.0	-0.5	1514
1.0	0.0	-0.5	1515
1.0	0.0	-0.5	1516
1.0	0.0	-0.5	1517
1.0	0.0	-0.5	1518
1.0	0.0	-0.5	1519
1.0	0.0	-0.5	1520
1.0	0.0	-0.5	1521
1.0	0.0	-0.5	1522
1.0	0.0	-0.5	1523
1.0	0.0	-0.5	1524
1.0	0.0	-0.5	1525
1.0	0.0	-0.5	1526
1.0	0.0	-0.5	1527
1.0	0.0	-0.5	1528
1.0	0.0	-0.5	1529
1.0	0.0	-0.5	1530
1.0	0.0	-0.5	1531
1.0	0.0	-0.5	1532
1.0	0.0	-0.5	1533
1.0	0.0	-0.5	1534
1.0	0.0	-0.5	1535
1.0	0.0	-0.5	1536
1.0	0.0	-0.5	1537
1.0	0.0	-0.5	1538
1.0	0.0	-0.5	1539
1.0	0.0	-0.5	1540
1.0	0.0	-0.5	1541
1.0	0.0	-0.5	1542
1.0	0.0	-0.5	1543
1.0	0.0	-0.5	1544
1.0	0.0	-0.5	1545
1.0	0.0	-0.5	1546
1.0	0.0	-0.5	1547
1.0	0.0	-0.5	1548
1.0	0.0	-0.5	1549
1.0	0.0	-0.5	1550
1.0	0.0	-0.5	1551
1.0	0.0	-0.5	1552
1.0	0.0	-0.5	1553
1.0	0.0	-0.5	1554
1.0	0.0	-0.5	1555
1.0	0.0	-0.5	1556
1.0	0.0	-0.5	1557
1.0	0.0	-0.5	1558
1.0	0.0	-0.5	1559
1.0	0.0	-0.5	1560
1.0	0.0	-0.5	1561
1.0	0.0	-0.5	1562
1.0	0.0	-0.5	1563
1.0	0.0	-0.5	1564
1.0	0.0	-0.5	1565
1.0	0.0	-0.5	1566
1.0	0.0	-0.5	1567
1.0	0.0	-0.5	1568
1.0	0.0	-0.5	1569
1.0	0.0	-0.5	1570
1.0	0.0	-0.5	1571
1.0	0.0	-0.5	1572
1.0	0.0	-0.5	1573
1.0	0.0	-0.5	1574
1.0	0.0	-0.5	1575
1.0	0.0	-0.5	1576
1.0	0.0	-0.5	1577
1.0	0.0	-0.5	1578
1.0	0.0	-0.5	1579
1.0	0.0	-0.5	1580
1.0	0.0	-0.5	1581
1.0	0.0	-0.5	1582
1.0	0.0	-0.5	1583
1.0	0.0	-0.5	1584
1.0	0.0	-0.5	1585
1.0	0.0	-0.5	1586
1.0	0.0	-0.5	1587
1.0	0.0	-0.5	1588
1.0	0.0	-0.5	1589
1.0	0.0	-0.5	1590
1.0	0.0	-0.5	1591
1.0	0.0	-0.5	1592
1.0	0.0	-0.5	1593
1.0	0.0	-0.5	1594
1.0	0.0	-0.5	1595
1.0	0.0	-0.5	1596
1.0	0.0	-0.5	1597
1.0	0.0	-0.5	1598
1.0	0.0	-0.5	1599
1.0	0.0	-0.5	1600
1.0	0.0	-0.5	1601
1.0	0.0	-0.5	1602
1.0	0.0	-0.5	1603
1.0	0.0	-0.5	1604
1.0	0.0	-0.5	1605
1.0	0.0	-0.5	1606
1.0	0.0	-0.5	1607
1.0	0.0	-0.5	1608
1.0	0.0	-0.5	1609
1.0	0.0	-0.5	1610
1.0	0.0	-0.5	1611
1.0	0.0	-0.5	1612
1.0	0.0	-0.5	1613
1.0	0.0	-0.5	1614
1.0	0.0	-0.5	1615
1.0	0.0	-0.5	1616
1.0	0.0	-0.5	1617
1.0	0.0	-0.5	1618
1.0	0.0	-0.5	1619
1.0	0.0	-0.5	1620
1.0	0.0	-0.5	1621
1.0	0.0	-0.5	1622
1.0	0.0	-0.5	1623
1.0	0.0	-0.5	1624
1.0	0.0	-0.5	1625
1.0	0.0	-0.5	1626
1.0	0.0	-0.5	1627
1.0	0.0	-0.5	1628
1.0	0.0	-0.5	1629
1.0	0.0	-0.5	1630
1.0	0.0	-0.5	1631
1.0	0.0	-0.5	1632
1.0	0.0	-0.5	1633
1.0	0.0	-0.5	1634
1.0	0.0	-0.5	1635
1.0	0.0	-0.5	1636
1.0	0.0	-0.5	1637
1.0	0.0	-0.5	1638
1.0	0.0	-0.5	1639
1.0	0.0	-0.5	1640
1.0	0.0	-0.5	1641
1.0	0.0	-0.5	1642
1.0	0.0	-0.5	1643
1.0	0.0	-0.5	1644
1.0	0.0	-0.5	1645
1.0	0.0	-0.5	1646
1.0	0.0	-0.5	1647
1.0	0.0	-0.5	1648
1.0	0.0	-0.5	1649
1.0	0.0	-0.5	1650
1.0	0.0	-0.5	1651
1.0	0.0	-0.5	1652
1.0	0.0	-0.5	1653
1.0	0.0	-0.5	1654
1.0	0.0	-0.5	1655
1.0	0.0	-0.5	1656
1.0	0.0	-0.5	1657
1.0	0.0	-0.5	1658
1.0	0.0	-0.5	1659
1.0	0.0	-0.5	1660
1.0	0.0	-0.5	1661
1.0	0.0	-0.5	1662
1.0	0.0	-0.5	1663
1.0	0.0	-0.5	1664
1.0	0.0	-0.5	1665
1.0	0.0	-0.5	1666
1.0	0.0	-0.5	1667
1.0	0.0	-0.5	1668
1.0	0.0	-0.5	1669
1.0	0.0	-0.5	1670
1.0	0.0	-0.5	1671
1.0	0.0	-0.5	1672
1.0	0.0	-0.5	1673
1.0	0.0	-0.5	1674
1.0	0.0	-0.5	1675
1.0	0.0	-0.5	1676
1.0	0.0	-0.5	1677
1.0	0.0	-0.5	1678
1.0	0.0	-0.5	1679
1.0	0.0	-0.5	1680
1.0	0.0	-0.5	1681
1.0	0.0	-0.5	1682
1.0	0.0	-0.5	1683
1.0	0.0	-0.5	1684
1.0	0.0	-0.5	1685
1.0	0.0	-0.5	1686
1.0	0.0	-0.5	1687
1.0	0.0	-0.5	1688
1.0	0.0	-0.5	1689
1.0	0.0	-0.5	1690
1.0	0.0	-0.5	1691
1.0	0.0	-0.5	1692
1.0	0.0	-0.5	1693
1.0	0.0	-0.5	1694
1.0	0.0	-0.5	1695
1.0	0.0	-0.5	1696
1.0	0.0	-0.5	1697
1.0	0.0	-0.5	1698
1.0	0.0	-0.5	1699
1.0	0.0	-0.5	1700
1.0	0.0	-0.5	1701
1.0	0.0	-0.5	1702
1.0	0.0	-0.5	1703
1.0	0.0	-0.5	1704
1.0	0.0	-0.5	1705
1.0	0.0	-0.5	1706
1.0	0.0	-0.5	1707
1.0	0.0	-0.5	1708
1.0	0.0	-0.5	1709
1.0	0.0	-0.5	1710
1.0	0.0	-0.5	1711
1.0	0.0	-0.5	1712
1.0	0.0	-0.5	1713
1.0	0.0	-0.5	1714
1.0	0.0	-0.5	1715
1.0	0.0	-0.5	1716
1.0	0.0	-0.5	1717
1.0	0.0	-0.5	1718
1.0	0.0	-0.5	1719
1.0	0.0	-0.5	1720
1.0	0.0	-0.5	1721
1.0	0.0	-0.5	1722
1.0	0.0	-0.5	1723
1.0	0.0	-0.5	1724
1.0	0.0	-0.5	1725
1.0	0.0	-0.5	1726
1.0	0.0	-0.5	1727
1.0	0.0	-0.5	1728
1.0	0.0	-0.5	1729
1.0	0.0	-0.5	1730
1.0	0.0	-0.5	1731
1.0	0.0	-0.5	1732
1.0	0.0	-0.5	1733
1.0	0.0	-0.5	1734
1.0	0.0	-0.5	1735
1.0	0.0	-0.5	1736
1.0	0.0	-0.5	1737
1.0	0.0	-0.5	1738
1.0	0.0	-0.5	1739
1.0	0.0	-0.5	1740
1.0	0.0	-0.5	1741
1.0	0.0	-0.5	1742
1.0	0.0	-0.5	1743
1.0	0.0	-0.5	1744
1.0	0.0	-0.5	1745
1.0	0.0	-0.5	1746
1.0	0.0	-0.5	1747
1.0	0.0	-0.5	1748
1.0	0.0	-0.5	1749
1.0	0.0	-0.5	1750
1.0	0.0	-0.5	1751
1.0	0.0	-0.5	1752
1.0	0.0	-0.5	1753
1.0	0.0	-0.5	1754
1.0	0.0	-0.5	1755
1.0	0.0	-0.5	1756
1.0	0.0	-0.5	1757
1.0	0.0	-0.5	1758
1.0	0.0	-0.5	1759
1.0	0.0	-0.5	1760
1.0	0.0	-0.5	1761
1.0	0.0	-0.5	1762
1.0	0.0	-0.5	1763
1.0	0.0	-0.5	1764
1.0	0.0	-0.5	1765
1.0	0.0	-0.5	1766
1.0	0.0	-0.5	1767
1.0	0.0	-0.5	1768
1.0	0.0	-0.5	1769
1.0	0.0	-0.5	1770
1.0	0.0	-0.5	1771
1.0	0.0	-0.5	1772
1.0	0.0	-0.5	1773
1.0	0.0	-0.5	1774
1.0	0.0	-0.5	1775
1.0	0.0	-0.5	1776
1.0	0.0	-0.5	1777
1.0	0.0	-0.5	1778
1.0	0.0	-0.5	1779
1.0	0.0	-0.5	1780
1.0	0.0	-0.5	1781
1.0	0.0	-0.5	1782
1.0	0.0	-0.5	1783
1.0	0.0	-0.5	1784
1.0	0.0	-0.5	1785
1.0	0.0	-0.5	1786
1.0	0.0	-0.5	1787
1.0	0.0	-0.5	1788
1.0	0.0	-0.5	1789
1.0	0.0	-0.5	1790
1.0	0.0	-0.5	1791
1.0	0.0	-0.5	1792
1.0	0.0	-0.5	1793
1.0	0.0	-0.5	1794
1.0	0.0	-0.5	1795
1.0	0.0	-0.5	1796
1.0	0.0	-0.5	1797
1.0	0.0	-0.5	1798
1.0	0.0	-0.5	1799
1.0	0.0	-0.5	1800
1.0	0.0	-0.5	1801
1.0	0.0	-0.5	1802
1.0	0.0	-0.5	1803
1.0	0.0	-0.5	1804
1.0	0.0	-0.5	1805
1.0	0.0	-0.5	1806
1.0	0.0	-0.5	1807
1.0	0.0	-0.5	1808
1.0	0.0	-0.5	1809
1.0	0.0	-0.5	1810
1.0	0.0	-0.5	1811
1.0	0.0	-0.5	1812
1.0	0.0	-0.5	1813
1.0	0.0	-0.5	1814
1.0	0.0	-0.5	1815
1.0	0.0	-0.5	1816
1.0	0.0	-0.5	1817
1.0	0.0	-0.5	1818
1.0	0.0	-0.5	1819
1.0	0.0	-0.5	1820
1.0	0.0	-0.5	1821
1.0	0.0	-0.5	1822
1.0	0.0	-0.5	1823
1.0	0.0	-0.5	1824
1.0	0.0	-0.5	1825
1.0	0.0	-0.5	1826
1.0	0.0	-0.5	1827
1.0	0.0	-0.5	1828
1.0	0.0	-0.5	1829
1.0	0.0	-0.5	1830
1.0	0.0	-0.5	1831
1.0	0.0	-0.5	1832
1.0	0.0	-0.5	1833
1.0	0.0	-0.5	1834
1.0	0.0	-0.5	1835
1.0	0.0	-0.5	1836
1.0	0.0	-0.5	1837
1.0	0.0	-0.5	1838
1.0	0.0	-0.5	1839
1.0	0.0	-0.5	1840
1.0	0.0	-0.5	1841
1.0	0.0	-0.5	1842
1.0	0.0	-0.5	1843
1.0	0.0	-0.5	1844
1.0	0.0	-0.5	1845
1.0	0.0	-0.5	1846
1.0	0.0	-0.5	1847
1.0	0.0	-0.5	1848
1.0	0.0	-0.5	1849
1.0	0.0	-0.5	1850
1.0	0.0	-0.5	1851
1.0	0.0	-0.5	1852
1.0	0.0	-0.5	1853
1.0	0.0	-0.5	1854
1.0	0.0	-0.5	1855
1.0	0.0	-0.5	1856
1.0	0.0	-0.5	1857
1.0	0.0	-0.5	1858
1.0	0.0	-0.5	1859
1.0	0.0	-0.5	1860
1.0	0.0	-0.5	1861
1.0	0.0	-0.5	1862
1.0	0.0	-0.5	1863
1.0	0.0	-0.5	1864
1.0	0.0	-0.5	1865
1.0	0.0	-0.5	1866
1.0	0.0	-0.5	1867
1.0	0.0	-0.5	1868
1.0	0.0	-0.5	1869
1.0	0.0	-0.5	1870
1.0	0.0	-0.5	1871
1.0	0.0	-0.5	1872
1.0	0.0	-0.5	1873
1.0	0.0	-0.5	1874
1.0	0.0	-0.5	1875
1.0	0.0	-0.5	1876
1.0	0.0	-0.5	1877
1.0	0.0	-0.5	1878
1.0	0.0	-0.5	1879
1.0	0.0	-0.5	1880
1.0	0.0	-0.5	1881
1.0	0.0	-0.5	1882
1.0	0.0	-0.5	1883
1.0	0.0	-0.5	1884
1.0	0.0	-0.5	1885
1.0	0.0	-0.5	1886
1.0	0.0	-0.5	1887
1.0	0.0	-0.5	1888
1.0	0.0	-0.5	1889
1.0	0.0	-0.5	1890
1.0	0.0	-0.5	1891
1.0	0.0	-0.5	1892
1.0	0.0	-0.5	1893
1.0	0.0	-0.5	1894
1.0	0.0	-0.5	1895
1.0	0.0	-0.5	1896
1.0	0.0	-0.5	1897
1.0	0.0	-0.5	1898
1.0	0.0	-0.5	1899
1.0	0.0	-0.5	1900
1.0	0.0	-0.5	1901
1.0	0.0	-0.5	1902
1.0	0.0	-0.5	1903
1.0	0.0	-0.5	1904
1.0	0.0	-0.5	1905
1.0	0.0	-0.5	1906
1.0	0.0	-0.5	1907
1.0	0.0	-0.5	1908
1.0	0.0	-0.5	1909
1.0	0.0	-0.5	1910
1.0	0.0	-0.5	1911
1.0	0.0	-0.5	1912
1.0	0.0	-0.5	1913
1.0	0.0	-0.5	1914
1.0	0.0	-0.5	1915
1.0	0.0	-0.5	1916
1.0	0.0	-0.5	1917
1.0	0.0	-0.5	1918
1.0	0.0	-0.5	1919
1.0	0.0	-0.5	1920
1.0	0.0	-0.5	1921
1.0	0.0	-0.5	1922
1.0	0.0	-0.5	1923
1.0	0.0	-0.5	1924
1.0	0.0	-0.5	1925
1.0	0.0	-0.5	1926
1.0	0.0	-0.5	1927
1.0	0.0	-0.5	1928
1.0	0.0	-0.5	1929
1.0	0.0	-0.5	1930
1.0	0.0	-0.5	1931
1.0	0.0	-0.5	1932
1.0	0.0	-0.5	1933
1.0	0.0	-0.5	1934
1.0	0.0	-0.5	1935
1.0	0.0	-0.5	1936
1.0	0.0	-0.5	1937
1.0	0.0	-0.5	1938
1.0	0.0	-0.5	1939
1.0	0.0	-0.5	1940
1.0	0.0	-0.5	1941
1.0	0.0	-0.5	1942
1.0	0.0	-0.5	1943
1.0	0.0	-0.5	1944
1.0	0.0	-0.5	1945
1.0	0.0	-0.5	1946
1.0	0.0	-0.5	1947
1.0	0.0	-0.5	1948
1.0	0.0	-0.5	1949
1.0	0.0	-0.5	1950
1.0	0.0	-0.5	1951
1.0	0.0	-0.5	1952
1.0	0.0	-0.5	1953
1.0	0.0	-0.5	1954
1.0	0.0	-0.5	1955
1.0	0.0	-0.5	1956
1.0	0.0	-0.5	1957
1.0	0.0	-0.5	1958
1.0	0.0	-0.5	1959
1.0	0.0	-0.5	1960
1.0	0.0	-0.5	1961
1.0	0.0	-0.5	1962
1.0	0.0	-0.5	1963
1.0	0.0	-0.5	1964
1.0	0.0	-0.5	1965
1.0	0.0	-0.5	1966
1.0	0.0	-0.5	1967
1.0	0.0	-0.5	1968
1.0	0.0	-0.5	1969
1.0	0.0	-0.5	1970
1.0	0.0	-0.5	1971
1.0	0.0	-0.5	1972
1.0	0.0	-0.5	1973
1.0	0.0	-0.5	1974
1.0	0.0	-0.5	1975
1.0	0.0	-0.5	1976
1.0	0.0	-0.5	1977
1.0	0.0	-0.5	1978
1.0	0.0	-0.5	1979
1.0	0.0	-0.5	1980
1.0	0.0	-0.5	1981
1.0	0.0	-0.5	1982
1.0	0.0	-0.5	1983
1.0	0.0	-0.5	1984
1.0	0.0	-0.5	1985
1.0	0.0	-0.5	1986
1.0	0.0	-0.5	1987
1.0	0.0	-0.5	1988
1.0	0.0	-0.5	1989
1.0	0.0	-0.5	1990
1.0	0.0	-0.5	1991
1.0	0.0	-0.5	1992
1.0	0.0	-0.5	1993
1.0	0.0	-0.5	1994
1.0	0.0	-0.5	1995
1.0	0.0	-0.5	1996
1.0	0.0	-0.5	1997
1.0	0.0	-0.5	1998
1.0	0.0	-0.5	1999
1.0	0.0	-0.5	2000
1.0	0.0	-0.5	2001
1.0	0.0	-0.5	2002
1.0	0.0	-0.5	2003
1.0	0.0	-0.5	2004
1.0	0.0	-0.5	2005
1.0	0.0	-0.5	2006
1.0	0.0	-0.5	2007
1.0	0.0	-0.5	2008
1.0	0.0	-0.5	2009
1.0	0.0	-0.5	2010
1.0	0.0	-0.5	2011
1.0	0.0	-0.5	2012
1.0	0.0	-0.5	2013
1.0	0.0	-0.5	2014
1.0	0.0	-0.5	2015
1.0	0.0	-0.5	2016
1.0	0.0	-0.5	2017
1.0	0.0	-0.5	2018
1.0	0.0	-0.5	2019
1.0	0.0	-0.5	2020
1.0	0.0	-0.5	2021
1.0	0.0	-0.5	2022
1.0	0.0	-0.5	2023
1.0	0.0	-0.5	2024
1.0	0.0	-0.5	2025
1.0	0.0	-0.5	2026
1.0	0.0	-0.5	2027
1.0	0.0	-0.5	2028
1.0	0.0	-0.5	2029
1.0	0.0	-0.5	2030
1.0	0.0	-0.5	2031
1.0	0.0	-0.5	2032
1.0	0.0	-0.5	2033
1.0	0.0	-0.5	2034
1.0	0.0	-0.5	2035
1.0	0.0	-0.5	2036
1.0	0.0	-0.5	2037
1.0	0.0	-0.5	2038
1.0	0.0	-0.5	2039
1.0	0.0	-0.5	2040
1.0	0.0	-0.5	2041
1.0	0.0	-0.5	2042
1.0	0.0	-0.5	2043
1.0	0.0	-0.5	2044
1.0	0.0	-0.5	2045
1.0	0.0	-0.5	2046
1.0	0.0	-0.5	2047
1.0	0.0	-0.5	2048
1.0	0.0	-0.5	2049
1.0	0.0	-0.5	2050
1.0	0.0	-0.5	2051
1.0	0.0	-0.5	2052
1.0	0.0	-0.5	2053
1.0	0.0	-0.5	2054
1.0	0.0	-0.5	2055
1.0	0.0	-0.5	2056
1.0	0.0	-0.5	2057
1.0	0.0	-0.5	2058
1.0	0.0	-0.5	2059
1.0	0.0	-0.5	2060
1.0	0.0	-0.5	2061
1.0	0.0	-0.5	2062
1.0	0.0	-0.5	2063
1.0	0.0	-0.5	2064
1.0	0.0	-0.5	2065
1.0	0.0	-0.5	2066
1.0	0.0	-0.5	2067
1.0	0.0	-0.5	2068
1.0	0.0	-0.5	2069
1.0	0.0	-0.5	2070
1.0	0.0	-0.5	2071
1.0	0.0	-0.5	2072
1.0	0.0	-0.5	2073
1.0	0.0	-0.5	2074
1.0	0.0	-0.5	2075
1.0	0.0	-0.5	2076
1.0	0.0	-0.5	2077
1.0	0.0	-0.5	2078
1.0	0.0	-0.5	2079
1.0	0.0	-0.5	2080
1.0	0.0	-0.5	2081
1.0	0.0	-0.5	2082
1.0	0.0	-0.5	2083
1.0	0.0	-0.5	2084
1.0	0.0	-0.5	2085
1.0	0.0	-0.5	2086
1.0	0.0	-0.5	2087
1.0	0.0	-0.5	2088
1.0	0.0	-0.5	2089
1.0	0.0	-0.5	2090
1.0	0.0	-0.5	2091
1.0	0.0	-0.5	2092
1.0	0.0	-0.5	2093
1.0	0.0	-0.5	2094
1.0	0.0	-0.5	2095
1.0	0.0	-0.5	2096
1.0	0.0	-0.5	2097
1.0	0.0	-0.5	2098
1.0	0.0	-0.5	2099
1.0	0.0	-0.5	2100
1.0	0.0	-0.5	2101
1.0	0.0	-0.5	2102
1.0	0.0	-0.5	2103
1.0	0.0	-0.5	2104
1.0	0.0	-0.5	2105
1.0	0.0	-0.5	2106
1.0	0.0	-0.5	2107
1.0	0.0	-0.5	2108
1.0	0.0	-0.5	2109
1.0	0.0	-0.5	2110
1.0	0.0	-0.5	2111
1.0	0.0	-0.5	2112
1.0	0.0	-0.5	2113
1.0	0.0	-0.5	2114
1.0	0.0	-0.5	2115
1.0	0.0	-0.5	2116
1.0	0.0	-0.5	2117
1.0	0.0	-0.5	2118
1.0	0.0	-0.5	2119
1.0	0.0	-0.5	2120
1.0	0.0	-0.5	2121
1.0	0.0	-0.5	2122
1.0	0.0	-0.5	2123
1.0	0.0	-0.5	2124
1.0	0.0	-0.5	2125
1.0	0.0	-0.5	2126
1.0	0.0	-0.5	2127
1.0	0.0	-0.5	2128
1.0	0.0	-0.5	2129
1.0	0.0	-0.5	2130
1.0	0.0	-0.5	2131
1.0	0.0	-0.5	2132
1.0	0.0	-0.5	2133
1.0	0.0	-0.5	2134
1.0	0.0	-0.5	2135
1.0	0.0	-0.5	2136
1.0	0.0	-0.5	2137
1.0	0.0	-0.5	2138
1.0	0.0	-0.5	2139
1.0	0.0	-0.5	2140
1.0	0.0	-0.5	2141
1.0	0.0	-0.5	2142
1.0	0.0	-0.5	2143
1.0	0.0	-0.5	2144
1.0	0.0	-0.5	2145
1.0	0.0	-0.5	2146
1.0	0.0	-0.5	2147
1.0	0.0	-0.5	2148
1.0	0.0	-0.5	2149
1.0	0.0	-0.5	2150
1.0	0.0	-0.5	2151
1.0	0.0	-0.5	2152
1.0	0.0	-0.5	2153
1.0	0.0	-0.5	2154
1.0	0.0	-0.5	2155
1.0	0.0	-0.5	2156
1.0	0.0	-0.5	2157
1.0	0.0	-0.5	2158
1.0	0.0	-0.5	2159
1.0	0.0	-0.5	2160
1.0	0.0	-0.5	2161
1.0	0.0	-0.5	2162
1.0	0.0	-0.5	2163
1.0	0.0	-0.5	2164
1.0	0.0	-0.5	2165
1.0	0.0	-0.5	2166
1.0	0.0	-0.5	2167
1.0	0.0	-0.5	2168
1.0	0.0	-0.5	2169
1.0	0.0	-0.5	2170
1.0	0.0	-0.5	2171
1.0	0.0	-0.5	2172
1.0	0.0	-0.5	2173
1.0	0.0	-0.5	2174
1.0	0.0	-0.5	2175
1.0	0.0	-0.5	2176
1.0	0.0	-0.5	2177
1.0	0.0	-0.5	2178
1.0	0.0	-0.5	2179
1.0	0.0	-0.5	2180
1.0	0.0	-0.5	2181
1.0	0.0	-0.5	2182
1.0	0.0	-0.5	2183
1.0	0.0	-0.5	2184
1.0	0.0	-0.5	2185
1.0	0.0	-0.5	2186
1.0	0.0	-0.5	2187
1.0	0.0	-0.5	2188
1.0	0.0	-0.5	2189
1.0	0.0	-0.5	2190
1.0	0.0	-0.5	2191
1.0	0.0	-0.5	2192
1.0	0.0	-0.5	2193
1.0	0.0	-0.5	2194
1.0	0.0	-0.5	2195
1.0	0.0	-0.5	2196
1.0	0.0	-0.5	2197
1.0	0.0	-0.5	2198
1.0	0.0	-0.5	2199
1.0	0.0	-0.5	2200
1.0	0.0	-0.5	2201
1.0	0.0	-0.5	2202
1.0	0.0	-0.5	2203
1.0	0.0	-0.5	2204
1.0	0.0	-0.5	2205
1.0	0.0	-0.5	2206
1.0	0.0	-0.5	2207
1.0	0.0	-0.5	2208
1.0	0.0	-0.5	2209
1.0	0.0	-0.5	2210
1.0	0.0	-0.5	2211
1.0	0.0	-0.5	2212
1.0	0.0	-0.5	2213
1.0	0.0	-0.5	2214
1.0	0.0	-0.5	2215
1.0	0.0	-0.5	2216
1.0	0.0	-0.5	2217
1.0	0.0	-0.5	2218
1.0	0.0	-0.5	2219
1.0	0.0	-0.5	2220
1.0	0.0	-0.5	2221
1.0	0.0	-0.5	2222
1.0	0.0	-0.5	2223
1.0	0.0	-0.5	2224
1.0	0.0	-0.5	2225
1.0	0.0	-0.5	2226
1.0	0.0	-0.5	2227
1.0	0.0	-0.5	2228
1.0	0.0	-0.5	2229
1.0	0.0	-0.5	2230
1.0	0.0	-0.5	2231
1.0	0.0	-0.5	2232
1.0	0.0	-0.5	2233
1.0	0.0	-0.5	2234
1.0	0.0	-0.5	2235
1.0	0.0	-0.5	2236
1.0	0.0	-0.5	2237
1.0	0.0	-0.5	2238
1.0	0.0	-0.5	2239
1.0	0.0	-0.5	2240
1.0	0.0	-0.5	2241
1.0	0.0	-0.5	2242
1.0	0.0	-0.5	2243
1.0	0.0	-0.5	2244
1.0	0.0	-0.5	2245
1.0	0.0	-0.5	2246
1.0	0.0	-0.5	2247
1.0	0.0	-0.5	2248
1.0	0.0	-0.5	2249
1.0	0.0	-0.5	2250
1.0	0.0	-0.5	2251
1.0	0.0	-0.5	2252
1.0	0.0	-0.5	2253
1.0	0.0	-0.5	2254
1.0	0.0	-0.5	2255
1.0	0.0	-0.5	2256
1.0	0.0	-0.5	2257
1.0	0.0	-0.5	2258
1.0	0.0	-0.5	2259
1.0	0.0	-0.5	2260
1.0	0.0	-0.5	2261
1.0	0.0	-0.5	2262
1.0	0.0	-0.5	2263
1.0	0.0	-0.5	2264
1.0	0.0	-0.5	2265
1.0	0.0	-0.5	2266
1.0	0.0	-0.5	2267
1.0	0.0	-0.5	2268
1.0	0.0	-0.5	2269
1.0	0.0	-0.5	2270
1.0	0.0	-0.5	2271
1.0	0.0	-0.5	2272
1.0	0.0	-0.5	2273
1.0	0.0	-0.5	2274
1.0	0.0	-0.5	2275
1.0	0.0	-0.5	2276
1.0	0.0	-0.5	2277
1.0	0.0	-0.5	2278
1.0	0.0	-0.5	2279
1.0	0.0	-0.5	2280
1.0	0.0	-0.5	2281
1.0	0.0	-0.5	2282
1.0	0.0	-0.5	2283
1.0	0.0	-0.5	2284
1.0	0.0	-0.5	2285
1.0	0.0	-0.5	2286
1.0	0.0	-0.5	2287
1.0	0.0	-0.5	2288
1.0	0.0	-0.5	2289
1.0	0.0	-0.5	2290
1.0	0.0	-0.5	2291
1.0	0.0	-0.5	2292
1.0	0.0	-0.5	2293
1.0	0.0	-0.5	2294
1.0	0.0	-0.5	2295
1.0	0.0	-0.5	2296
1.0	0.0	-0.5	2297
1.0	0.0	-0.5	2298
1.0	0.0	-0.5	2299
1.0	0.0	-0.5	2300
1.0	0.0	-0.5	2301
1.0	0.0	-0.5	2302
1.0	0.0	-0.5	2303
1.0	0.0	-0.5	2304
1.0	0.0	-0.5	2305
1.0	0.0	-0.5	2306
1.0	0.0	-0.5	2307
1.0	0.0	-0.5	2308
1.0	0.0	-0.5	2309
1.0	0.0	-0.5	2310
1.0	0.0	-0.5	2311
1.0	0.0	-0.5	2312
1.0	0.0	-0.5	2313
1.0	0.0	-0.5	2314
1.0	0.0	-0.5	2315
1.0	0.0	-0.5	2316
1.0	0.0	-0.5	2317
1.0	0.0	-0.5	2318
1.0	0.0	-0.5	2319
1.0	0.0	-0.5	2320
1.0	0.0	-0.5	2321
1.0	0.0	-0.5	2322
1.0	0.0	-0.5	2323
1.0	0.0	-0.5	2324
1.0	0.0	-0.5	2325
1.0	0.0	-0.5	2326
1.0	0.0	-0.5	2327
1.0	0.0	-0.5	2328
1.0	0.0	-0.5	2329
1.0	0.0	-0.5	2330
1.0	0.0	-0.5	2331
1.0	0.0	-0.5	2332
1.0	0.0	-0.5	2333
1.0	0.0	-0.5	2334
1.0	0.0	-0.5	2335
1.0	0.0	-0.5	2336
1.0	0.0	-0.5	2337
1.0	0.0	-0.5	2338
1.0	0.0	-0.5	2339
1.0	0.0	-0.5	2340
1.0	0.0	-0.5	2341
1.0	0.0	-0.5	2342
1.0	0.0	-0.5	2343
1.0	0.0	-0.5	2344
1.0	0.0	-0.5	2345
1.0	0.0	-0.5	2346
1.0	0.0	-0.5	2347
1.0	0.0	-0.5	2348
1.0	0.0	-0.5	2349
1.0	0.0	-0.5	2350
1.0	0.0	-0.5	2351
1.0	0.0	-0.5	2352
1.0	0.0	-0.5	2353
1.0	0.0	-0.5	2354
1.0	0.0	-0.5	2355
1.0	0.0	-0.5	2356
1.0	0.0	-0.5	2357
1.0	0.0	-0.5	2358
1.0	0.0	-0.5	2359
1.0	0.0	-0.5	2360
1.0	0.0	-0.5	2361
1.0	0.0	-0.5	2362
1.0	0.0	-0.5	2363
1.0	0.0	-0.5	2364
1.0	0.0	-0.5	2365
1.0	0.0	-0.5	2366
1.0	0.0	-0.5	2367
1.0	0.0	-0.5	2368
1.0	0.0	-0.5	2369
1.0	0.0	-0.5	2370
1.0	0.0	-0.5	2371
1.0	0.0	-0.5	2372
1.0	0.0	-0.5	2373
1.0	0.0	-0.5	2374
1.0	0.0	-0.5	2375
1.0	0.0	-0.5	2376
1.0	0.0	-0.5	2377
1.0	0.0	-0.5	2378
1.0	0.0	-0.5	2379
1.0	0.0	-0.5	2380
1.0	0.0	-0.5	2381
1.0	0.0	-0.5	2382
1.0	0.0	-0.5	2383
1.0	0.0	-0.5	2384
1.0	0.0	-0.5	2385
1.0	0.0	-0.5	2386
1.0	0.0	-0.5	2387
1.0	0.0	-0.5	2388
1.0	0.0	-0.5	2389
1.0	0.0	-0.5	2390
1.0	0.0	-0.5	2391
1.0	0.0	-0.5	2392
1.0	0.0	-0.5	2393
1.0	0.0	-0.5	2394
1.0	0.0	-0.5	2395
1.0	0.0	-0.5	2396
1.0	0.0	-0.5	2397
1.0	0.0	-0.5	2398
1.0	0.0	-0.5	2399
1.0	0.0	-0.5	2400
1.0	0.0	-0.5	2401
1.0	0.0	-0.5	2402
1.0	0.0	-0.5	2403
1.0	0.0	-0.5	2404
1.0	0.0	-0.5	2405
1.0	0.0	-0.5	2406
1.0	0.0	-0.5	2407
1.0	0.0	-0.5	2408
1.0	0.0	-0.5	2409
1.0	0.0	-0.5	2410
1.0	0.0	-0.5	2411
1.0	0.0	-0.5	2412
1.0	0.0	-0.5	2413
1.0	0.0	-0.5	2414
1.0	0.0	-0.5	2415
1.0	0.0	-0.5	2416
1.0	0.0	-0.5	2417
1.0	0.0	-0.5	2418
1.0	0.0	-0.5	2419
1.0	0.0	-0.5	2420
1.0	0.0	-0.5	2421
1.0	0.0	-0.5	2422
1.0	0.0	-0.5	2423
1.0	0.0	-0.5	2424
1.0	0.0	-0.5	2425
1.0	0.0	-0.5	2426
1.0	0.0	-0.5	2427
1.0	0.0	-0.5	2428
1.0	0.0	-0.5	2429
1.0	0.0	-0.5	2430
1.0	0.0	-0.5	2431
1.0	0.0	-0.5	2432
1.0	0.0	-0.5	2433
1.0	0.0	-0.5	2434
1.0	0.0	-0.5	2435
1.0	0.0	-0.5	2436
1.0	0.0	-0.5	2437
1.0	0.0	-0.5	2438
1.0	0.0	-0.5	2439
1.0	0.0	-0.5	2440
1.0	0.0	-0.5	2441
1.0	0.0	-0.5	2442
1.0	0.0	-0.5	2443
1.0	0.0	-0.5	2444
1.0	0.0	-0.5	2445
1.0	0.0	-0.5	2446
1.0	0.0	-0.5	2447
1.0	0.0	-0.5	2448
1.0	0.0	-0.5	2449
1.0	0.0	-0.5	2450
1.0	0.0	-0.5	2451
1.0	0.0	-0.5	2452
1.0	0.0	-0.5	2453
1.0	0.0	-0.5	2454
1.0	0.0	-0.5	2455
1.0	0.0	-0.5	2456
1.0	0.0	-0.5	2457
1.0	0.0	-0.5	2458
1.0	0.0	-0.5	2459
1.0	0.0	-0.5	2460
1.0	0.0	-0.5	2461
1.0	0.0	-0.5	2462
1.0	0.0	-0.5	2463
1.0	0.0	-0.5	2464
1.0	0.0	-0.5	2465
1.0	0.0	-0.5	2466
1.0	0.0	-0.5	2467
1.0	0.0	-0.5	2468
1.0	0.0	-0.5	2469
1.0	0.0	-0.5	2470
1.0	0.0	-0.5	2471
1.0	0.0	-0.5	2472
1.0	0.0	-0.5	2473
1.0	0.0	-0.5	2474
1.0	0.0	-0.5	2475
1.0	0.0	-0.5	2476
1.0	0.0	-0.5	2477
1.0	0.0	-0.5	2478
1.0	0.0	-0.5	2479
1.0	0.0	-0.5	2480
1.0	0.0	-0.5	2481
1.0	0.0	-0.5	2482
1.0	0.0	-0.5	2483
1.0	0.0	-0.5	2484
1.0	0.0	-0.5	2485
1.0	0.0	-0.5	2486
1.0	0.0	-0.5	2487
1.0	0.0	-0.5	2488
1.0	0.0	-0.5	2489
1.0	0.0	-0.5	2490
1.0	0.0	-0.5	2491
1.0	0.0	-0.5	2492
1.0	0.0	-0.5	2493
1.0	0.0	-0.5	2494
1.0	0.0	-0.5	2495
1.0	0.0	-0.5	2496
1.0	0.0	-0.5	2497
1.0	0.0	-0.5	2498
1.0	0.0	-0.5	2499
1.0	0.0	-0.5	2500
1.0	0.0	-0.5	2501
1.0	0.0	-0.5	2502
1.0	0.0	-0.5	2503
1.0	0.0	-0.5	2504
1.0	0.0	-0.5	2505
1.0	0.0	-0.5	2506
1.0	0.0	-0.5	2507
1.0	0.0	-0.5	2508
1.0	0.0	-0.5	2509
1.0	0.0	-0.5	2510
1.0	0.0	-0.5	2511
1.0	0.0	-0.5	2512
1.0	0.0	-0.5	2513
1.0	0.0	-0.5	2514
1.0	0.0	-0.5	2515
1.0	0.0	-0.5	2516
1.0	0.0	-0.5	2517
1.0	0.0	-0.5	2518
1.0	0.0	-0.5	2519
1.0	0.0	-0.5	2520
1.0	0.0	-0.5	2521
1.0	0.0	-0.5	2522
1.0	0.0	-0.5	2523
1.0	0.0	-0.5	2524
1.0	0.0	-0.5	2525
1.0	0.0	-0.5	2526
1.0	0.0	-0.5	2527
1.0	0.0	-0.5	2528
1.0	0.0	-0.5	2529
1.0	0.0	-0.5	2530
1.0	0.0	-0.5	2531
1.0	0.0	-0.5	2532
1.0	0.0	-0.5	2533
1.0	0.0	-0.5	2534
1.0	0.0	-0.5	2535
1.0	0.0	-0.5	2536
1.0	0.0	-0.5	2537
1.0	0.0	-0.5	2538
1.0	0.0	-0.5	2539
1.0	0.0	-0.5	2540
1.0	0.0	-0.5	2541
1.0	0.0	-0.5	2542
1.0	0.0	-0.5	2543
1.0	0.0	-0.5	2544
1.0	0.0	-0.5	2545
1.0	0.0	-0.5	2546
1.0	0.0	-0.5	2547
1.0	0.0	-0.5	2548
1.0	0.0	-0.5	2549
1.0	0.0	-0.5	2550
1.0	0.0	-0.5	2551
1.0	0.0	-0.5	2552
1.0	0.0	-0.5	2553
1.0	0.0	-0.5	2554
1.0	0.0	-0.5	2555
1.0	0.0	-0.5	2556
1.0	0.0	-0.5	2557
1.0	0.0	-0.5	2558
1.0	0.0	-0.5	2559
1.0	0.0	-0.5	2560
1.0	0.0	-0.5	2561
1.0	0.0	-0.5	2562
1.0	0.0	-0.5	2563
1.0	0.0	-0.5	2564
1.0	0.0	-0.5	2565
1.0	0.0	-0.5	2566
1.0	0.0	-0.5	2567
1.0	0.0	-0.5	2568
1.0	0.0	-0.5	2569
1.0	0.0	-0.5	2570
1.0	0.0	-0.5	2571
1.0	0.0	-0.5	2572
1.0	0.0	-0.5	2573
1.0	0.0	-0.5	2574
1.0	0.0	-0.5	2575
1.0	0.0	-0.5	2576
1.0	0.0	-0.5	2577
1.0	0.0	-0.5	2578
1.0	0.0	-0.5	2579
1.0	0.0	-0.5	2580
1.0	0.0	-0.5	2581
1.0	0.0	-0.5	2582
1.0	0.0	-0.5	2583
1.0	0.0	-0.5	2584
1.0	0.0	-0.5	2585
1.0	0.0	-0.5	2586
1.0	0.0	-0.5	2587
1.0	0.0	-0.5	2588
1.0	0.0	-0.5	2589
1.0	0.0	-0.5	2590
1.0	0.0	-0.5	2591
1.0	0.0	-0.5	2592
1.0	0.0	-0.5	2593
1.0	0.0	-0.5	2594
1.0	0.0	-0.5	2595
1.0	0.0	-0.5	2596
1.0	0.0	-0.5	2597
1.0	0.0	-0.5	2598
1.0	0.0	-0.5	2599
1.0	0.0	-0.5	2600
1.0	0.0	-0.5	2601
1.0	0.0	-0.5	2602
1.0	0.0	-0.5	2603
1.0	0.0	-0.5	2604
1.0	0.0	-0.5	2605
1.0	0.0	-0.5	2606
1.0	0.0	-0.5	2607
1.0	0.0	-0.5	2608
1.0	0.0	-0.5	2609
1.0	0.0	-0.5	2610
1.0	0.0	-0.5	2611
1.0	0.0	-0.5	2612
1.0	0.0	-0.5	2613
1.0	0.0	-0.5	2614
1.0	0.0	-0.5	2615
1.0	0.0	-0.5	2616
1.0	0.0	-0.5	2617
1.0	0.0	-0.5	2618
1.0	0.0	-0.5	2619
1.0	0.0	-0.5	2620
1.0	0.0	-0.5	2621
1.0	0.0	-0.5	2622
1.0	0.0	-0.5	2623
1.0	0.0	-0.5	2624
1.0	0.0	-0.5	2625
1.0	0.0	-0.5	2626
1.0	0.0	-0.5	2627
1.0	0.0	-0.5	2628
1.0	0.0	-0.5	2629
1.0	0.0	-0.5	2630
1.0	0.0	-0.5	2631
1.0	0.0	-0.5	2632
1.0	0.0	-0.5	2633
1.0	0.0	-0.5	2634
1.0	0.0	-0.5	2635
1.0	0.0	-0.5	2636
1.0	0.0	-0.5	2637
1.0	0.0	-0.5	2638
1.0	0.0	-0.5	2639
1.0	0.0	-0.5	2640
1.0	0.0	-0.5	2641
1.0	0.0	-0.5	2642
1.0	0.0	-0.5	2643
1.0	0.0	-0.5	2644
1.0	0.0	-0.5	2645
1.0	0.0	-0.5	2646
1.0	0.0	-0.5	2647
1.0	0.0	-0.5	2648
1.0	0.0	-0.5	2649
1.0	0.0	-0.5	2650
1.0	0.0	-0.5	2651
1.0	0.0	-0.5	2652
1.0	0.0	-0.5	2653
1.0	0.0	-0.5	2654
1.0	0.0	-0.5	2655
1.0	0.0	-0.5	2656
1.0	0.0	-0.5	2657
1.0	0.0	-0.5	2658
1.0	0.0	-0.5	2659
1.0	0.0	-0.5	2660
1.0	0.0	-0.5	2661
1.0	0.0	-0.5	2662
1.0	0.0	-0.5	2663
1.0	0.0	-0.5	2664
1.0	0.0	-0.5	2665
1.0	0.0	-0.5	2666
1.0	0.0	-0.5	2667
1.0	0.0	-0.5	2668
1.0	0.0	-0.5	2669
1.0	0.0	-0.5	2670
1.0	0.0	-0.5	2671
1.0	0.0	-0.5	2672
1.0	0.0	-0.5	2673
1.0	0.0	-0.5	2674
1.0	0.0	-0.5	2675
1.0	0.0	-0.5	2676
1.0	0.0	-0.5	2677
1.0	0.0	-0.5	2678
1.0	0.0	-0.5	2679
1.0	0.0	-0.5	2680
1.0	0.0	-0.5	2681
1.0	0.0	-0.5	2682
1.0	0.0	-0.5	2683
1.0	0.0	-0.5	2684
1.0	0.0	-0.5	2685
1.0	0.0	-0.5	2686
1.0	0.0	-0.5	2687
1.0	0.0	-0.5	2688
1.0	0.0	-0.5	2689
1.0	0.0	-0.5	2690
1.0	0.0	-0.5	2691
1.0	0.0	-0.5	2692
1.0	0.0	-0.5	2693
1.0	0.0	-0.5	2694
1.0	0.0	-0.5	2695
1.0	0.0	-0.5	2696
1.0	0.0	-0.5	2697
1.0	0.0	-0.5	2698
1.0	0.0	-0.5	2699
1.0	0.0	-0.5	2700
1.0	0.0	-0.5	2701
1.0	0.0	-0.5	2702
1.0	0.0	-0.5	2703
1.0	0.0	-0.5	2704
1.0	0.0	-0.5	2705
1.0	0.0	-0.5	2706
1.0	0.0	-0.5	2707
1.0	0.0	-0.5	2708
1.0	0.0	-0.5	2709
1.0	0.0	-0.5	2710
1.0	0.0	-0.5	2711
1.0	0.0	-0.5	2712
1.0	0.0	-0.5	2713
1.0	0.0	-0.5	2714
1.0	0.0	-0.5	2715
1.0	0.0	-0.5	2716
1.0	0.0	-0.5	2717
1.0	0.0	-0.5	2718
1.0	0.0	-0.5	2719
1.0	0.0	-0.5	2720
1.0	0.0	-0.5	2721
1.0	0.0	-0.5	2722
1.0	0.0	-0.5	2723
1.0	0.0	-0.5	2724
1.0	0.0	-0.5	2725
1.0	0.0	-0.5	2726
1.0	0.0	-0.5	2727
1.0	0.0	-0.5	2728
1.0	0.0	-0.5	2729
1.0	0.0	-0.5	2730
1.0	0.0	-0.5	2731
1.0	0.0	-0.5	2732
1.0	0.0	-0.5	2733
1.0	0.0	-0.5	2734
1.0	0.0	-0.5	2735
1.0	0.0	-0.5	2736
1.0	0.0	-0.5	2737
1.0	0.0	-0.5	2738
1.0	0.0	-0.5	2739
1.0	0.0	-0.5	2740
1.0	0.0	-0.5	2741
1.0	0.0	-0.5	2742
1.0	0.0	-0.5	2743
1.0	0.0	-0.5	2744
1.0	0.0	-0.5	2745
1.0	0.0	-0.5	2746
1.0	0.0	-0.5	2747
1.0	0.0	-0.5	2748
1.0	0.0	-0.5	2749
1.0	0.0	-0.5	2750
1.0	0.0	-0.5	2751
1.0	0.0	-0.5	2752
1.0	0.0	-0.5	2753
1.0	0.0	-0.5	2754
1.0	0.0	-0.5	2755
1.0	0.0	-0.5	2756
1.0	0.0	-0.5	2757
1.0	0.0	-0.5	2758
1.0	0.0	-0.5	2759
1.0	0.0	-0.5	2760
1.0	0.0	-0.5	2761
1.0	0.0	-0.5	2762
1.0	0.0	-0.5	2763
1.0	0.0	-0.5	2764
1.0	0.0	-0.5	2765
1.0	0.0	-0.5	2766
1.0	0.0	-0.5	2767
1.0	0.0	-0.5	2768
1.0	0.0	-0.5	2769
1.0	0.0	-0.5	2770
1.0	0.0	-0.5	2771
1.0	0.0	-0.5	2772
1.0	0.0	-0.5	2773
1.0	0.0	-0.5	2774
1.0	0.0	-0.5	2775
1.0	0.0	-0.5	2776
1.0	0.0	-0.5	2777
1.0	0.0	-0.5	2778
1.0	0.0	-0.5	2779
1.0	0.0	-0.5	2780
1.0	0.0	-0.5	2781
1.0	0.0	-0.5	2782
1.0	0.0	-0.5	2783
1.0	0.0	-0.5	2784
1.0	0.0	-0.5	2785
1.0	0.0	-0.5	2786
1.0	0.0	-0.5	2787
1.0	0.0	-0.5	2788
1.0	0.0	-0.5	2789
1.0	0.0	-0.5	2790
1.0	0.0	-0.5	2791
1.0	0.0	-0.5	2792
1.0	0.0	-0.5	2793
1.0	0.0	-0.5	2794
1.0	0.0	-0.5	2795
1.0	0.0	-0.5	2796
1.0	0.0	-0.5	2797
1.0	0.0	-0.5	2798
1.0	0.0	-0.5	2799
1.0	0.0	-0.5	2800
1.0	0.0	-0.5	2801
1.0	0.0	-0.5	2802
1.0	0.0	-0.5	2803
1.0	0.0	-0.5	2804
1.0	0.0	-0.5	2805
1.0	0.0	-0.5	2806
1.0	0.0	-0.5	2807
1.0	0.0	-0.5	2808
1.0	0.0	-0.5	2809
1.0	0.0	-0.5	2810
1.0	0.0	-0.5	2811
1.0	0.0	-0.5	2812
1.0	0.0	-0.5	2813
1.0	0.0	-0.5	2814
1.0	0.0	-0.5	2815
1.0	0.0	-0.5	2816
1.0	0.0	-0.5	2817
1.0	0.0	-0.5	2818
1.0	0.0	-0.5	2819
1.0	0.0	-0.5	2820
1.0	0.0	-0.5	2821
1.0	0.0	-0.5	2822
1.0	0.0	-0.5	2823
1.0	0.0	-0.5	2824
1.0	0.0	-0.5	2825
1.0	0.0	-0.5	2826
1.0	0.0	-0.5	2827
1.0	0.0	-0.5	2828
1.0	0.0	-0.5	2829
1.0	0.0	-0.5	2830
1.0	0.0	-0.5	2831
1.0	0.0	-0.5	2832
1.0	0.0	-0.5	2833
1.0	0.0	-0.5	2834
1.0	0.0	-0.5	2835
1.0	0.0	-0.5	2836
1.0	0.0	-0.5	2837
1.0	0.0	-0.5	2838
1.0	0.0	-0.5	2839
1.0	0.0	-0.5	2840
1.0	0.0	-0.5	2841
1.0	0.0	-0.5	2842
1.0	0.0	-0.5	2843
1.0	0.0	-0.5	2844
1.0	0.0	-0.5	2845
1.0	0.0	-0.5	2846
1.0	0.0	-0.5	2847
1.0	0.0	-0.5	2848
1.0	0.0	-0.5	2849
1.0	0.0	-0.5	2850
1.0	0.0	-0.5	2851
1.0	0.0	-0.5	2852
1.0	0.0	-0.5	2853
1.0	0.0	-0.5	2854
1.0	0.0	-0.5	2855
1.0	0.0	-0.5	2856
1.0	0.0	-0.5	2857
1.0	0.0	-0.5	2858
1.0	0.0	-0.5	2859
1.0	0.0	-0.5	2860
1.0	0.0	-0.5	2861
1.0	0.0	-0.5	2862
1.0	0.0	-0.5	2863
1.0	0.0	-0.5	2864
1.0	0.0	-0.5	2865
1.0	0.0	-0.5	2866
1.0	0.0	-0.5	2867
1.0	0.0	-0.5	2868
1.0	0.0	-0.5	2869
1.0	0.0	-0.5	2870
1.0	0.0	-0.5	2871
1.0	0.0	-0.5	2872
1.0	0.0	-0.5	2873
1.0	0.0	-0.5	2874
1.0	0.0	-0.5	2875
1.0	0.0	-0.5	2876
1.0	0.0	-0.5	2877
1.0	0.0	-0.5	2878
1.0	0.0	-0.5	2879
1.0	0.0	-0.5	2880
1.0	0.0	-0.5	2881
1.0	0.0	-0.5	2882
1.0	0.0	-0.5	2883
1.0	0.0	-0.5	2884
1.0	0.0	-0.5	2885
1.0	0.0	-0.5	2886
1.0	0.0	-0.5	2887
1.0	0.0	-0.5	2888
1.0	0.0	-0.5	2889
1.0	0.0	-0.5	2890
1.0	0.0	-0.5	2891
1.0	0.0	-0.5	2892
1.0	0.0	-0.5	2893
1.0	0.0	-0.5	2894
1.0	0.0	-0.5	2895
1.0	0.0	-0.5	2896
1.0	0.0	-0.5	2897
1.0	0.0	-0.5	2898
1.0	0.0	-0.5	2899
1.0	0.0	-0.5	2900
1.0	0.0	-0.5	2901
1.0	0.0	-0.5	2902
1.0	0.0	-0.5	2903
1.0	0.0	-0.5	2904
1.0	0.0	-0.5	2905
1.0	0.0	-0.5	2906
1.0	0.0	-0.5	2907
1.0	0.0	-0.5	2908
1.0	0.0	-0.5	2909
1.0	0.0	-0.5	2910
1.0	0.0	-0.5	2911
1.0	0.0	-0.5	2912
1.0	0.0	-0.5	2913
1.0	0.0	-0.5	2914
1.0	0.0	-0.5	2915
1.0	0.0	-0.5	2916
1.0	0.0	-0.5	2917
1.0	0.0	-0.5	2918
1.0	0.0	-0.5	2919
1.0	0.0	-0.5	2920
1.0	0.0	-0.5	2921
1.0	0.0	-0.5	2922
1.0	0.0	-0.5	2923
1.0	0.0	-0.5	2924
1.0	0.0	-0.5	2925
1.0	0.0	-0.5	2926
1.0	0.0	-0.5	2927
1.0	0.0	-0.5	2928
1.0	0.0	-0.5	2929
1.0	0.0	-0.5	2930
1.0	0.0	-0.5	2931
1.0	0.0	-0.5	2932
1.0	0.0	-0.5	2933
1.0	0.0	-0.5	2934
1.0	0.0	-0.5	2935
1.0	0.0	-0.5	2936
1.0	0.0	-0.5	2937
1.0	0.0	-0.5	2938
1.0	0.0	-0.5	2939
1.0	0.0	-0.5	2940
1.0	0.0	-0.5	2941
1.0	0.0	-0.5	2942
1.0	0.0	-0.5	2943
1.0	0.0	-0.5	2944
1.0	0.0	-0.5	2945
1.0	0.0	-0.5	2946
1.0	0.0	-0.5	2947
1.0	0.0	-0.5	2948
1.0	0.0	-0.5	2949
1.0	0.0	-0.5	2950
1.0	0.0	-0.5	2951
1.0	0.0	-0.5	2952
1.0	0.0	-0.5	2953
1.0	0.0	-0.5	2954
1.0	0.0	-0.5	2955
1.0	0.0	-0.5	2956
1.0	0.0	-0.5	2957
1.0	0.0	-0.5	2958
1.0	0.0	-0.5	2959
1.0	0.0	-0.5	2960
1.0	0.0	-0.5	2961
1.0	0.0	-0.5	2962
1.0	0.0	-0.5	2963
1.0	0.0	-0.5	2964
1.0	0.0	-0.5	2965
1.0	0.0	-0.5	2966
1.0	0.0	-0.5	2967
1.0	0.0	-0.5	2968
1.0	0.0	-0.5	2969
1.0	0.0	-0.5	2970
1.0	0.0	-0.5	2971
1.0	0.0	-0.5	2972
1.0	0.0	-0.5	2973
1.0	0.0	-0.5	2974
1.0	0.0	-0.5	2975
1.0	0.0	-0.5	2976
1.0	0.0	-0.5	2977
1.0	0.0	-0.5	2978
1.0	0.0	-0.5	2979
1.0	0.0	-0.5	2980
1.0	0.0	-0.5	2981
1.0	0.0	-0.5	2982
1.0	0.0	-0.5	2983
1.0	0.0	-0.5	2984
1.0	0.0	-0.5	2985
1.0	0.0	-0.5	2986
1.0	0.0	-0.5	2987
1.0	0.0	-0.5	2988
1.0	0.0	-0.5	2989
1.0	0.0	-0.5	2990
1.0	0.0	-0.5	2991
1.0	0.0	-0.5	2992
1.0	0.0	-0.5	2993
1.0	0.0	-0.5	2994
1.0	0.0	-0.5	2995
1.0	0.0	-0.5	2996
1.0	0.0	-0.5	2997
1.0	0.0	-0.5	2998
1.0	0.0	-0.5	2999
1.0	0.0	-0.5	3000
1.0	0.0	-0.5	3001
1.0	0.0	-0.5	3002
1.0	0.0	-0.5	3003
1.0	0.0	-0.5	3004
1.0	0.0	-0.5	3005
1.0	0.0	-0.5	3006
1.0	0.0	-0.5	3007
1.0	0.0	-0.5	3008
1.0	0.0	-0.5	3009
1.0	0.0	-0.5	3010
1.0	0.0	-0.5	3011
1.0	0.0	-0.5	3012
1.0	0.0	-0.5	3013
1.0	0.0	-0.5	3014
1.0	0.0	-0.5	3015
1.0	0.0	-0.5	3016
1.0	0.0	-0.5	3017
1.0	0.0	-0.5	3018
1.0	0.0	-0.5	3019
1.0	0.0	-0.5	3020
1.0	0.0	-0.5	3021
1.0	0.0	-0.5	3022
1.0	0.0	-0.5	3023
1.0	0.0	-0.5	3024
1.0	0.0	-0.5	3025
1.0	0.0	-0.5	3026
1.0	0.0	-0.5	3027
1.0	0.0	-0.5	3028
1.0	0.0	-0.5	3029
1.0	0.0	-0.5	3030
1.0	0.0	-0.5	3031
1.0	0.0	-0.5	3032
1.0	0.0	-0.5	3033
1.0	0.0	-0.5	3034
1.0	0.0	-0.5	3035
1.0	0.0	-0.5	3036
1.0	0.0	-0.5	3037
1.0	0.0	-0.5	3038
1.0	0.0	-0.5	3039
1.0	0.0	-0.5	3040
1.0	0.0	-0.5	3041
1.0	0.0	-0.5	3042
1.0	0.0	-0.5	3043
1.0	0.0	-0.5	3044
1.0	0.0	-0.5	3045
1.0	0.0	-0.5	3046
1.0	0.0	-0.5	3047
1.0	0.0	-0.5	3048
1.0	0.0	-0.5	3049
1.0	0.0	-0.5	3050
1.0	0.0	-0.5	3051
1.0	0.0	-0.5	3052
1.0	0.0	-0.5	3053
1.0	0.0	-0.5	3054
1.0	0.0	-0.5	3055
1.0	0.0	-0.5	3056
1.0	0.0	-0.5	3057
1.0	0.0	-0.5	3058
1.0	0.0	-0.5	3059
1.0	0.0	-0.5	3060
1.0	0.0	-0.5	3061
1.0	0.0	-0.5	3062
1.0	0.0	-0.5	3063
1.0	0.0	-0.5	3064
1.0	0.0	-0.5	3065
1.0	0.0	-0.5	3066
1.0	0.0	-0.5	3067
1.0	0.0	-0.5	3068
1.0	0.0	-0.5	3069
1.0	0.0	-0.5	3070
1.0	0.0	-0.5	3071
1.0	0.0	-0.5	3072
1.0	0.0	-0.5	3073
1.0	0.0	-0.5	3074
1.0	0.0	-0.5	3075
1.0	0.0	-0.5	3076
1.0	0.0	-0.5	3077
1.0	0.0	-0.5	3078
1.0	0.0	-0.5	3079
1.0	0.0	-0.5	3080
1.0	0.0	-0.5	3081
1.0	0.0	-0.5	3082
1.0	0.0	-0.5	3083
1.0	0.0	-0.5	3084
1.0	0.0	-0.5	3085
1.0	0.0	-0.5	3086
1.0	0.0	-0.5	3087
1.0	0.0	-0.5	3088
1.0	0.0	-0.5	3089
1.0	0.0	-0.5	3090
1.0	0.0	-0.5	3091
1.0	0.0	-0.5	3092
1.0	0.0	-0.5	3093
1.0	0.0	-0.5	3094
1.0	0.0	-0.5	3095
1.0	0.0	-0.5	3096
1.0	0.0	-0.5	3097
1.0	0.0	-0.5	3098
1.0	0.0	-0.5	3099
1.0	0.0	-0.5	3100
1.0	0.0	-0.5	3101
1.0	0.0	-0.5	3102
1.0	0.0	-0.5	3103
1.0	0.0	-0.5	3104
1.0	0.0	-0.5	3105
1.0	0.0	-0.5	3106
1.0	0.0	-0.5	3107
1.0	0.0	-0.5	3108
1.0	0.0	-0.5	3109
1.0	0.0	-0.5	3110
1.0	0.0	-0.5	3111
1.0	0.0	-0.5	3112
1.0	0.0	-0.5	3113
1.0	0.0	-0.5	3114
1.0	0.0	-0.5	3115
1.0	0.0	-0.5	3116
1.0	0.0	-0.5	3117
1.0	0.0	-0.5	3118
1.0	0.0	-0.5	3119
1.0	0.0	-0.5	3120
1.0	0.0	-0.5	3121
1.0	0.0	-0.5	3122
1.0	0.0	-0.5	3123
1.0	0.0	-0.5	3124
1.0	0.0	-0.5	3125
1.0	0.0	-0.5	3126
1.0	0.0	-0.5	3127
1.0	0.0	-0.5	3128
1.0	0.0	-0.5	3129
1.0	0.0	-0.5	3130
1.0	0.0	-0.5	3131
1.0	0.0	-0.5	3132
1.0	0.0	-0.5	3133
1.0	0.0	-0.5	3134
1.0	0.0	-0.5	3135
1.0	0.0	-0.5	3136
1.0	0.0	-0.5	3137
1.0	0.0	-0.5	3138
1.0	0.0	-0.5	3139
1.0	0.0	-0.5	3140
1.0	0.0	-0.5	3141
1.0	0.0	-0.5	3142
1.0	0.0	-0.5	3143
1.0	0.0	-0.5	3144
1.0	0.0	-0.5	3145
1.0	0.0	-0.5	3146
1.0	0.0	-0.5	3147
1.0	0.0	-0.5	3148
1.0	0.0	-0.5	3149
1.0	0.0	-0.5	3150
1.0	0.0	-0.5	3151
1.0	0.0	-0.5	3152
1.0	0.0	-0.5	3153
1.0	0.0	-0.5	3154
1.0	0.0	-0.5	3155
1.0	0.0	-0.5	3156
1.0	0.0	-0.5	3157
1.0	0.0	-0.5	3158
1.0	0.0	-0.5	3159
1.0	0.0	-0.5	3160
1.0	0.0	-0.5	3161
1.0	0.0	-0.5	3162
1.0	0.0	-0.5	3163
1.0	0.0	-0.5	3164
1.0	0.0	-0.5	3165
1.0	0.0	-0.5	3166
1.0	0.0	-0.5	3167
1.0	0.0	-0.5	3168
1.0	0.0	-0.5	3169
1.0	0.0	-0.5	3170
1.0	0.0	-0.5	3171
1.0	0.0	-0.5	3172
1.0	0.0	-0.5	3173
1.0	0.0	-0.5	3174
1.0	0.0	-0.5	3175
1.0	0.0	-0.5	3176
1.0	0.0	-0.5	3177
1.0	0.0	-0.5	3178
1.0	0.0	-0.5	3179
1.0	0.0	-0.5	3180
1.0	0.0	-0.5	3181
1.0	0.0	-0.5	3182
0.0	1.0	0.5	3183
0.0	1.0	0.5	3184
0.0	1.0	0.5	3185
0.0	1.0	0.5	3186
0.0	1.0	0.5	3187
0.0	1.0	0.5	3188
0.0	1.0	0.5	3189
0.0	1.0	0.5	3190
0.0	1.0	0.5	3191
0.0	1.0	0.5	3192
0.0	1.0	0.5	3193
0.0	1.0	0.5	3194
0.0	1.0	0.5	3195
0.0	1.0	0.5	3196
0.0	1.0	0.5	3197
0.0	1.0	0.5	3198
0.0	1.0	0.5	3199
0.0	1.0	0.5	3200
0.0	1.0	0.5	3201
0.0	1.0	0.5	3202
0.0	1.0	0.5	3203
0.0	1.0	0.5	3204
0.0	1.0	0.5	3205
0.0	1.0	0.5	3206
0.0	1.0	0.5	3207
0.0	1.0	0.5	3208
0.0	1.0	0.5	3209
0.0	1.0	0.5	3210
0.0	1.0	0.5	3211
0.0	1.0	0.5	3212
0.0	1.0	0.5	3213
0.0	1.0	0.5	3214
0.0	1.0	0.5	3215
0.0	1.0	0.5	3216
0.0	1.0	0.5	3217
0.0	1.0	0.5	3218
0.0	1.0	0.5	3219
0.0	1.0	0.5	3220
0.0	1.0	0.5	3221
0.0	1.0	0.5	3222
0.0	1.0	0.5	3223
0.0	1.0	0.5	3224
0.0	1.0	0.5	3225
0.0	1.0	0.5	3226
0.0	1.0	0.5	3227
0.0	1.0	0.5	3228
0.0	1.0	0.5	3229
0.0	1.0	0.5	3230
0.0	1.0	0.5	3231
0.0	1.0	0.5	3232
0.0	1.0	0.5	3233
0.0	1.0	0.5	3234
0.0	1.0	0.5	3235
0.0	1.0	0.5	3236
0.0	1.0	0.5	3237
0.0	1.0	0.5	3238
0.0	1.0	0.5	3239
0.0	1.0	0.5	3240
0.0	1.0	0.5	3241
0.0	1.0	0.5	3242
0.0	1.0	0.5	3243
0.0	1.0	0.5	3244
0.0	1.0	0.5	3245
0.0	1.0	0.5	3246
0.0	1.0	0.5	3247
0.0	1.0	0.5	3248
0.0	1.0	0.5	3249
0.0	1.0	0.5	3250
0.0	1.0	0.5	3251
0.0	1.0	0.5	3252
0.0	1.0	0.5	3253
0.0	1.0	0.5	3254
0.0	1.0	0.5	3255
0.0	1.0	0.5	3256
0.0	1.0	0.5	3257
0.0	1.0	0.5	3258
0.0	1.0	0.5	3259
0.0	1.0	0.5	3260
0.0	1.0	0.5	3261
0.0	1.0	0.5	3262
0.0	1.0	0.5	3263
0.0	1.0	0.5	3264
0.0	1.0	0.5	3265
0.0	1.0	0.5	3266
0.0	1.0	0.5	3267
0.0	1.0	0.5	3268
0.0	1.0	0.5	3269
0.0	1.0	0.5	3270
0.0	1.0	0.5	3271
0.0	1.0	0.5	3272
0.0	1.0	0.5	3273
0.0	1.0	0.5	3274
0.0	1.0	0.5	3275
0.0	1.0	0.5	3276
0.0	1.0	0.5	3277
0.0	1.0	0.5	3278
0.0	1.0	0.5	3279
0.0	1.0	0.5	3280
0.0	1.0	0.5	3281
0.0	1.0	0.5	3282
0.0	1.0	0.5	3283
0.0	1.0	0.5	3284
0.0	1.0	0.5	3285
0.0	1.0	0.5	3286
0.0	1.0	0.5	3287
0.0	1.0	0.5	3288
0.0	1.0	0.5	3289
0.0	1.0	0.5	3290
0.0	1.0	0.5	3291
0.0	1.0	0.5	3292
0.0	1.0	0.5	3293
0.0	1.0	0.5	3294
0.0	1.0	0.5	3295
0.0	1.0	0.5	3296
0.0	1.0	0.5	3297
0.0	1.0	0.5	3298
0.0	1.0	0.5	3299
0.0	1.0	0.5	3300
0.0	1.0	0.5	3301
0.0	1.0	0.5	3302
0.0	1.0	0.5	3303
0.0	1.0	0.5	3304
0.0	1.0	0.5	3305
0.0	1.0	0.5	3306
0.0	1.0	0.5	3307
0.0	1.0	0.5	3308
0.0	1.0	0.5	3309
0.0	1.0	0.5	3310
0.0	1.0	0.5	3311
0.0	1.0	0.5	3312
0.0	1.0	0.5	3313
0.0	1.0	0.5	3314
0.0	1.0	0.5	3315
0.0	1.0	0.5	3316
0.0	1.0	0.5	3317
0.0	1.0	0.5	3318
0.0	1.0	0.5	3319
0.0	1.0	0.5	3320
0.0	1.0	0.5	3321
0.0	1.0	0.5	3322
0.0	1.0	0.5	3323
0.0	1.0	0.5	3324
0.0	1.0	0.5	3325
0.0	1.0	0.5	3326
0.0	1.0	0.5	3327
0.0	1.0	0.5	3328
0.0	1.0	0.5	3329
0.0	1.0	0.5	3330
0.0	1.0	0.5	3331
0.0	1.0	0.5	3332
0.0	1.0	0.5	3333
0.0	1.0	0.5	3334
0.0	1.0	0.5	3335
0.0	1.0	0.5	3336
0.0	1.0	0.5	3337
0.0	1.0	0.5	3338
0.0	1.0	0.5	3339
0.0	1.0	0.5	3340
0.0	1.0	0.5	3341
0.0	1.0	0.5	3342
0.0	1.0	0.5	3343
0.0	1.0	0.5	3344
0.0	1.0	0.5	3345
0.0	1.0	0.5	3346
0.0	1.0	0.5	3347
0.0	1.0	0.5	3348
0.0	1.0	0.5	3349
0.0	1.0	0.5	3350
0.0	1.0	0.5	3351
0.0	1.0	0.5	3352
0.0	1.0	0.5	3353
0.0	1.0	0.5	3354
0.0	1.0	0.5	3355
0.0	1.0	0.5	3356
0.0	1.0	0.5	3357
0.0	1.0	0.5	3358
0.0	1.0	0.5	3359
0.0	1.0	0.5	3360
0.0	1.0	0.5	3361
0.0	1.0	0.5	3362
0.0	1.0	0.5	3363
0.0	1.0	0.5	3364
0.0	1.0	0.5	3365
0.0	1.0	0.5	3366
0.0	1.0	0.5	3367
0.0	1.0	0.5	3368
0.0	1.0	0.5	3369
0.0	1.0	0.5	3370
0.0	1.0	0.5	3371
0.0	1.0	0.5	3372
0.0	1.0	0.5	3373
0.0	1.0	0.5	3374
0.0	1.0	0.5	3375
0.0	1.0	0.5	3376
0.0	1.0	0.5	3377
0.0	1.0	0.5	3378
0.0	1.0	0.5	3379
0.0	1.0	0.5	3380
0.0	1.0	0.5	3381
0.0	1.0	0.5	3382
0.0	1.0	0.5	3383
0.0	1.0	0.5	3384
0.0	1.0	0.5	3385
0.0	1.0	0.5	3386
0.0	1.0	0.5	3387
0.0	1.0	0.5	3388
0.0	1.0	0.5	3389
0.0	1.0	0.5	3390
0.0	1.0	0.5	3391
0.0	1.0	0.5	3392
0.0	1.0	0.5	3393
0.0	1.0	0.5	3394
0.0	1.0	0.5	3395
0.0	1.0	0.5	3396
0.0	1.0	0.5	3397
0.0	1.0	0.5	3398
0.0	1.0	0.5	3399
0.0	1.0	0.5	3400
0.0	1.0	0.5	3401
0.0	1.0	0.5	3402
0.0	1.0	0.5	3403
0.0	1.0	0.5	3404
0.0	1.0	0.5	3405
0.0	1.0	0.5	3406
0.0	1.0	0.5	3407
0.0	1.0	0.5	3408
0.0	1.0	0.5	3409
0.0	1.0	0.5	3410
0.0	1.0	0.5	3411
0.0	1.0	0.5	3412
0.0	1.0	0.5	3413
0.0	1.0	0.5	3414
0.0	1.0	0.5	3415
0.0	1.0	0.5	3416
0.0	1.0	0.5	3417
0.0	1.0	0.5	3418
0.0	1.0	0.5	3419
0.0	1.0	0.5	3420
0.0	1.0	0.5	3421
0.0	1.0	0.5	3422
0.0	1.0	0.5	3423
0.0	1.0	0.5	3424
0.0	1.0	0.5	3425
0.0	1.0	0.5	3426
0.0	1.0	0.5	3427
0.0	1.0	0.5	3428
0.0	1.0	0.5	3429
0.0	1.0	0.5	3430
0.0	1.0	0.5	3431
0.0	1.0	0.5	3432
0.0	1.0	0.5	3433
0.0	1.0	0.5	3434
0.0	1.0	0.5	3435
0.0	1.0	0.5	3436
0.0	1.0	0.5	3437
0.0	1.0	0.5	3438
0.0	1.0	0.5	3439
0.0	1.0	0.5	3440
0.0	1.0	0.5	3441
0.0	1.0	0.5	3442
0.0	1.0	0.5	3443
0.0	1.0	0.5	3444
0.0	1.0	0.5	3445
0.0	1.0	0.5	3446
0.0	1.0	0.5	3447
0.0	1.0	0.5	3448
0.0	1.0	0.5	3449
0.0	1.0	0.5	3450
0.0	1.0	0.5	3451
0.0	1.0	0.5	3452
0.0	1.0	0.5	3453
0.0	1.0	0.5	3454
0.0	1.0	0.5	3455
0.0	1.0	0.5	3456
0.0	1.0	0.5	3457
0.0	1.0	0.5	3458
0.0	1.0	0.5	3459
0.0	1.0	0.5	3460
0.0	1.0	0.5	3461
0.0	1.0	0.5	3462
0.0	1.0	0.5	3463
0.0	1.0	0.5	3464
0.0	1.0	0.5	3465
0.0	1.0	0.5	3466
0.0	1.0	0.5	3467
0.0	1.0	0.5	3468
0.0	1.0	0.5	3469
0.0	1.0	0.5	3470
0.0	1.0	0.5	3471
0.0	1.0	0.5	3472
0.0	1.0	0.5	3473
0.0	1.0	0.5	3474
0.0	1.0	0.5	3475
0.0	1.0	0.5	3476
0.0	1.0	0.5	3477
0.0	1.0	0.5	3478
0.0	1.0	0.5	3479
0.0	1.0	0.5	3480
0.0	1.0	0.5	3481
0.0	1.0	0.5	3482
0.0	1.0	0.5	3483
0.0	1.0	0.5	3484
0.0	1.0	0.5	3485
0.0	1.0	0.5	3486
0.0	1.0	0.5	3487
0.0	1.0	0.5	3488
0.0	1.0	0.5	3489
0.0	1.0	0.5	3490
0.0	1.0	0.5	3491
0.0	1.0	0.5	3492
0.0	1.0	0.5	3493
0.0	1.0	0.5	3494
0.0	1.0	0.5	3495
0.0	1.0	0.5	3496
0.0	1.0	0.5	3497
0.0	1.0	0.5	3498
0.0	1.0	0.5	3499
0.0	1.0	0.5	3500
0.0	1.0	0.5	3501
0.0	1.0	0.5	3502
0.0	1.0	0.5	3503
0.0	1.0	0.5	3504
0.0	1.0	0.5	3505
0.0	1.0	0.5	3506
0.0	1.0	0.5	3507
0.0	1.0	0.5	3508
0.0	1.0	0.5	3509
0.0	1.0	0.5	3510
0.0	1.0	0.5	3511
0.0	1.0	0.5	3512
0.0	1.0	0.5	3513
0.0	1.0	0.5	3514
0.0	1.0	0.5	3515
0.0	1.0	0.5	3516
0.0	1.0	0.5	3517
0.0	1.0	0.5	3518
0.0	1.0	0.5	3519
0.0	1.0	0.5	3520
0.0	1.0	0.5	3521
0.0	1.0	0.5	3522
0.0	1.0	0.5	3523
0.0	1.0	0.5	3524
0.0	1.0	0.5	3525
0.0	1.0	0.5	3526
0.0	1.0	0.5	3527
0.0	1.0	0.5	3528
0.0	1.0	0.5	3529
0.0	1.0	0.5	3530
0.0	1.0	0.5	3531
0.0	1.0	0.5	3532
0.0	1.0	0.5	3533
0.0	1.0	0.5	3534
0.0	1.0	0.5	3535
0.0	1.0	0.5	3536
0.0	1.0	0.5	3537
0.0	1.0	0.5	3538
0.0	1.0	0.5	3539
0.0	1.0	0.5	3540
0.0	1.0	0.5	3541
0.0	1.0	0.5	3542
0.0	1.0	0.5	3543
0.0	1.0	0.5	3544
0.0	1.0	0.5	3545
0.0	1.0	0.5	3546
0.0	1.0	0.5	3547
0.0	1.0	0.5	3548
0.0	1.0	0.5	3549
0.0	1.0	0.5	3550
0.0	1.0	0.5	3551
0.0	1.0	0.5	3552
0.0	1.0	0.5	3553
0.0	1.0	0.5	3554
0.0	1.0	0.5	3555
0.0	1.0	0.5	3556
0.0	1.0	0.5	3557
0.0	1.0	0.5	3558
0.0	1.0	0.5	3559
0.0	1.0	0.5	3560
0.0	1.0	0.5	3561
0.0	1.0	0.5	3562
0.0	1.0	0.5	3563
0.0	1.0	0.5	3564
0.0	1.0	0.5	3565
0.0	1.0	0.5	3566
0.0	1.0	0.5	3567
0.0	1.0	0.5	3568
0.0	1.0	0.5	3569
0.0	1.0	0.5	3570
0.0	1.0	0.5	3571
0.0	1.0	0.5	3572
0.0	1.0	0.5	3573
0.0	1.0	0.5	3574
0.0	1.0	0.5	3575
0.0	1.0	0.5	3576
0.0	1.0	0.5	3577
0.0	1.0	0.5	3578
0.0	1.0	0.5	3579
0.0	1.0	0.5	3580
0.0	1.0	0.5	3581
0.0	1.0	0.5	3582
0.0	1.0	0.5	3583
0.0	1.0	0.5	3584
0.0	1.0	0.5	3585
0.0	1.0	0.5	3586
0.0	1.0	0.5	3587
0.0	1.0	0.5	3588
0.0	1.0	0.5	3589
0.0	1.0	0.5	3590
0.0	1.0	0.5	3591
0.0	1.0	0.5	3592
0.0	1.0	0.5	3593
0.0	1.0	0.5	3594
0.0	1.0	0.5	3595
0.0	1.0	0.5	3596
0.0	1.0	0.5	3597
0.0	1.0	0.5	3598
0.0	1.0	0.5	3599
0.0	1.0	0.5	3600
0.0	1.0	0.5	3601
0.0	1.0	0.5	3602
0.0	1.0	0.5	3603
0.0	1.0	0.5	3604
0.0	1.0	0.5	3605
0.0	1.0	0.5	3606
0.0	1.0	0.5	3607
0.0	1.0	0.5	3608
0.0	1.0	0.5	3609
0.0	1.0	0.5	3610
0.0	1.0	0.5	3611
0.0	1.0	0.5	3612
0.0	1.0	0.5	3613
0.0	1.0	0.5	3614
0.0	1.0	0.5	3615
0.0	1.0	0.5	3616
0.0	1.0	0.5	3617
0.0	1.0	0.5	3618
0.0	1.0	0.5	3619
0.0	1.0	0.5	3620
0.0	1.0	0.5	3621
0.0	1.0	0.5	3622
0.0	1.0	0.5	3623
0.0	1.0	0.5	3624
0.0	1.0	0.5	3625
0.0	1.0	0.5	3626
0.0	1.0	0.5	3627
0.0	1.0	0.5	3628
0.0	1.0	0.5	3629
0.0	1.0	0.5	3630
0.0	1.0	0.5	3631
0.0	1.0	0.5	3632
0.0	1.0	0.5	3633
0.0	1.0	0.5	3634
0.0	1.0	0.5	3635
0.0	1.0	0.5	3636
0.0	1.0	0.5	3637
0.0	1.0	0.5	3638
0.0	1.0	0.5	3639
0.0	1.0	0.5	3640
0.0	1.0	0.5	3641
0.0	1.0	0.5	3642
0.0	1.0	0.5	3643
0.0	1.0	0.5	3644
0.0	1.0	0.5	3645
0.0	1.0	0.5	3646
0.0	1.0	0.5	3647
0.0	1.0	0.5	3648
0.0	1.0	0.5	3649
0.0	1.0	0.5	3650
0.0	1.0	0.5	3651
0.0	1.0	0.5	3652
0.0	1.0	0.5	3653
0.0	1.0	0.5	3654
0.0	1.0	0.5	3655
0.0	1.0	0.5	3656
0.0	1.0	0.5	3657
0.0	1.0	0.5	3658
0.0	1.0	0.5	3659
0.0	1.0	0.5	3660
0.0	1.0	0.5	3661
0.0	1.0	0.5	3662
0.0	1.0	0.5	3663
0.0	1.0	0.5	3664
0.0	1.0	0.5	3665
0.0	1.0	0.5	3666
0.0	1.0	0.5	3667
0.0	1.0	0.5	3668
0.0	1.0	0.5	3669
0.0	1.0	0.5	3670
0.0	1.0	0.5	3671
0.0	1.0	0.5	3672
0.0	1.0	0.5	3673
0.0	1.0	0.5	3674
0.0	1.0	0.5	3675
0.0	1.0	0.5	3676
0.0	1.0	0.5	3677
0.0	1.0	0.5	3678
0.0	1.0	0.5	3679
0.0	1.0	0.5	3680
0.0	1.0	0.5	3681
0.0	1.0	0.5	3682
0.0	1.0	0.5	3683
0.0	1.0	0.5	3684
0.0	1.0	0.5	3685
0.0	1.0	0.5	3686
0.0	1.0	0.5	3687
0.0	1.0	0.5	3688
0.0	1.0	0.5	3689
0.0	1.0	0.5	3690
0.0	1.0	0.5	3691
0.0	1.0	0.5	3692
0.0	1.0	0.5	3693
0.0	1.0	0.5	3694
0.0	1.0	0.5	3695
0.0	1.0	0.5	3696
0.0	1.0	0.5	3697
0.0	1.0	0.5	3698
0.0	1.0	0.5	3699
0.0	1.0	0.5	3700
0.0	1.0	0.5	3701
0.0	1.0	0.5	3702
0.0	1.0	0.5	3703
0.0	1.0	0.5	3704
0.0	1.0	0.5	3705
0.0	1.0	0.5	3706
0.0	1.0	0.5	3707
0.0	1.0	0.5	3708
0.0	1.0	0.5	3709
0.0	1.0	0.5	3710
0.0	1.0	0.5	3711
0.0	1.0	0.5	3712
0.0	1.0	0.5	3713
0.0	1.0	0.5	3714
0.0	1.0	0.5	3715
0.0	1.0	0.5	3716
0.0	1.0	0.5	3717
0.0	1.0	0.5	3718
0.0	1.0	0.5	3719
0.0	1.0	0.5	3720
0.0	1.0	0.5	3721
0.0	1.0	0.5	3722
0.0	1.0	0.5	3723
0.0	1.0	0.5	3724
0.0	1.0	0.5	3725
0.0	1.0	0.5	3726
0.0	1.0	0.5	3727
0.0	1.0	0.5	3728
0.0	1.0	0.5	3729
0.0	1.0	0.5	3730
0.0	1.0	0.5	3731
0.0	1.0	0.5	3732
0.0	1.0	0.5	3733
0.0	1.0	0.5	3734
0.0	1.0	0.5	3735
0.0	1.0	0.5	3736
0.0	1.0	0.5	3737
0.0	1.0	0.5	3738
0.0	1.0	0.5	3739
0.0	1.0	0.5	3740
0.0	1.0	0.5	3741
0.0	1.0	0.5	3742
0.0	1.0	0.5	3743
0.0	1.0	0.5	3744
0.0	1.0	0.5	3745
0.0	1.0	0.5	3746
0.0	1.0	0.5	3747
0.0	1.0	0.5	3748
0.0	1.0	0.5	3749
0.0	1.0	0.5	3750
0.0	1.0	0.5	3751
0.0	1.0	0.5	3752
0.0	1.0	0.5	3753
0.0	1.0	0.5	3754
0.0	1.0	0.5	3755
0.0	1.0	0.5	3756
0.0	1.0	0.5	3757
0.0	1.0	0.5	3758
0.0	1.0	0.5	3759
0.0	1.0	0.5	3760
0.0	1.0	0.5	3761
0.0	1.0	0.5	3762
0.0	1.0	0.5	3763
0.0	1.0	0.5	3764
0.0	1.0	0.5	3765
0.0	1.0	0.5	3766
0.0	1.0	0.5	3767
0.0	1.0	0.5	3768
0.0	1.0	0.5	3769
0.0	1.0	0.5	3770
0.0	1.0	0.5	3771
0.0	1.0	0.5	3772
0.0	1.0	0.5	3773
0.0	1.0	0.5	3774
0.0	1.0	0.5	3775
0.0	1.0	0.5	3776
0.0	1.0	0.5	3777
0.0	1.0	0.5	3778
0.0	1.0	0.5	3779
0.0	1.0	0.5	3780
0.0	1.0	0.5	3781
0.0	1.0	0.5	3782
0.0	1.0	0.5	3783
0.0	1.0	0.5	3784
0.0	1.0	0.5	3785
0.0	1.0	0.5	3786
0.0	1.0	0.5	3787
0.0	1.0	0.5	3788
0.0	1.0	0.5	3789
0.0	1.0	0.5	3790
0.0	1.0	0.5	3791
0.0	1.0	0.5	3792
0.0	1.0	0.5	3793
0.0	1.0	0.5	3794
0.0	1.0	0.5	3795
0.0	1.0	0.5	3796
0.0	1.0	0.5	3797
0.0	1.0	0.5	3798
0.0	1.0	0.5	3799
0.0	1.0	0.5	3800
0.0	1.0	0.5	3801
0.0	1.0	0.5	3802
0.0	1.0	0.5	3803
0.0	1.0	0.5	3804
0.0	1.0	0.5	3805
0.0	1.0	0.5	3806
0.0	1.0	0.5	3807
0.0	1.0	0.5	3808
0.0	1.0	0.5	3809
0.0	1.0	0.5	3810
0.0	1.0	0.5	3811
0.0	1.0	0.5	3812
0.0	1.0	0.5	3813
0.0	1.0	0.5	3814
0.0	1.0	0.5	3815
0.0	1.0	0.5	3816
0.0	1.0	0.5	3817
0.0	1.0	0.5	3818
0.0	1.0	0.5	3819
0.0	1.0	0.5	3820
0.0	1.0	0.5	3821
0.0	1.0	0.5	3822
0.0	1.0	0.5	3823
0.0	1.0	0.5	3824
0.0	1.0	0.5	3825
0.0	1.0	0.5	3826
0.0	1.0	0.5	3827
0.0	1.0	0.5	3828
0.0	1.0	0.5	3829
0.0	1.0	0.5	3830
0.0	1.0	0.5	3831
0.0	1.0	0.5	3832
0.0	1.0	0.5	3833
0.0	1.0	0.5	3834
0.0	1.0	0.5	3835
0.0	1.0	0.5	3836
0.0	1.0	0.5	3837
0.0	1.0	0.5	3838
0.0	1.0	0.5	3839
0.0	1.0	0.5	3840
0.0	1.0	0.5	3841
0.0	1.0	0.5	3842
0.0	1.0	0.5	3843
0.0	1.0	0.5	3844
0.0	1.0	0.5	3845
0.0	1.0	0.5	3846
0.0	1.0	0.5	3847
0.0	1.0	0.5	3848
0.0	1.0	0.5	3849
0.0	1.0	0.5	3850
0.0	1.0	0.5	3851
0.0	1.0	0.5	3852
0.0	1.0	0.5	3853
0.0	1.0	0.5	3854
0.0	1.0	0.5	3855
0.0	1.0	0.5	3856
0.0	1.0	0.5	3857
0.0	1.0	0.5	3858
0.0	1.0	0.5	3859
0.0	1.0	0.5	3860
0.0	1.0	0.5	3861
0.0	1.0	0.5	3862
0.0	1.0	0.5	3863
0.0	1.0	0.5	3864
0.0	1.0	0.5	3865
0.0	1.0	0.5	3866
0.0	1.0	0.5	3867
0.0	1.0	0.5	3868
0.0	1.0	0.5	3869
0.0	1.0	0.5	3870
0.0	1.0	0.5	3871
0.0	1.0	0.5	3872
0.0	1.0	0.5	3873
0.0	1.0	0.5	3874
0.0	1.0	0.5	3875
0.0	1.0	0.5	3876
0.0	1.0	0.5	3877
0.0	1.0	0.5	3878
0.0	1.0	0.5	3879
0.0	1.0	0.5	3880
0.0	1.0	0.5	3881
0.0	1.0	0.5	3882
0.0	1.0	0.5	3883
0.0	1.0	0.5	3884
0.0	1.0	0.5	3885
0.0	1.0	0.5	3886
0.0	1.0	0.5	3887
0.0	1.0	0.5	3888
0.0	1.0	0.5	3889
0.0	1.0	0.5	3890
0.0	1.0	0.5	3891
0.0	1.0	0.5	3892
0.0	1.0	0.5	3893
0.0	1.0	0.5	3894
0.0	1.0	0.5	3895
0.0	1.0	0.5	3896
0.0	1.0	0.5	3897
0.0	1.0	0.5	3898
0.0	1.0	0.5	3899
0.0	1.0	0.5	3900
0.0	1.0	0.5	3901
0.0	1.0	0.5	3902
0.0	1.0	0.5	3903
0.0	1.0	0.5	3904
0.0	1.0	0.5	3905
0.0	1.0	0.5	3906
0.0	1.0	0.5	3907
0.0	1.0	0.5	3908
0.0	1.0	0.5	3909
0.0	1.0	0.5	3910
0.0	1.0	0.5	3911
0.0	1.0	0.5	3912
0.0	1.0	0.5	3913
0.0	1.0	0.5	3914
0.0	1.0	0.5	3915
0.0	1.0	0.5	3916
0.0	1.0	0.5	3917
0.0	1.0	0.5	3918
0.0	1.0	0.5	3919
0.0	1.0	0.5	3920
0.0	1.0	0.5	3921
0.0	1.0	0.5	3922
0.0	1.0	0.5	3923
0.0	1.0	0.5	3924
0.0	1.0	0.5	3925
0.0	1.0	0.5	3926
0.0	1.0	0.5	3927
0.0	1.0	0.5	3928
0.0	1.0	0.5	3929
0.0	1.0	0.5	3930
0.0	1.0	0.5	3931
0.0	1.0	0.5	3932
0.0	1.0	0.5	3933
0.0	1.0	0.5	3934
0.0	1.0	0.5	3935
0.0	1.0	0.5	3936
0.0	1.0	0.5	3937
0.0	1.0	0.5	3938
0.0	1.0	0.5	3939
0.0	1.0	0.5	3940
0.0	1.0	0.5	3941
0.0	1.0	0.5	3942
0.0	1.0	0.5	3943
0.0	1.0	0.5	3944
0.0	1.0	0.5	3945
0.0	1.0	0.5	3946
0.0	1.0	0.5	3947
0.0	1.0	0.5	3948
0.0	1.0	0.5	3949
0.0	1.0	0.5	3950
0.0	1.0	0.5	3951
0.0	1.0	0.5	3952
0.0	1.0	0.5	3953
0.0	1.0	0.5	3954
0.0	1.0	0.5	3955
0.0	1.0	0.5	3956
0.0	1.0	0.5	3957
0.0	1.0	0.5	3958
0.0	1.0	0.5	3959
0.0	1.0	0.5	3960
0.0	1.0	0.5	3961
0.0	1.0	0.5	3962
0.0	1.0	0.5	3963
0.0	1.0	0.5	3964
0.0	1.0	0.5	3965
0.0	1.0	0.5	3966
0.0	1.0	0.5	3967
0.0	1.0	0.5	3968
0.0	1.0	0.5	3969
0.0	1.0	0.5	3970
0.0	1.0	0.5	3971
0.0	1.0	0.5	3972
0.0	1.0	0.5	3973
0.0	1.0	0.5	3974
0.0	1.0	0.5	3975
0.0	1.0	0.5	3976
0.0	1.0	0.5	3977
0.0	1.0	0.5	3978
0.0	1.0	0.5	3979
0.0	1.0	0.5	3980
0.0	1.0	0.5	3981
0.0	1.0	0.5	3982
0.0	1.0	0.5	3983
0.0	1.0	0.5	3984
0.0	1.0	0.5	3985
0.0	1.0	0.5	3986
0.0	1.0	0.5	3987
0.0	1.0	0.5	3988
0.0	1.0	0.5	3989
0.0	1.0	0.5	3990
0.0	1.0	0.5	3991
0.0	1.0	0.5	3992
0.0	1.0	0.5	3993
0.0	1.0	0.5	3994
0.0	1.0	0.5	3995
0.0	1.0	0.5	3996
0.0	1.0	0.5	3997
0.0	1.0	0.5	3998
0.0	1.0	0.5	3999
0.0	1.0	0.5	4000
0.0	1.0	0.5	4001
0.0	1.0	0.5	4002
0.0	1.0	0.5	4003
0.0	1.0	0.5	4004
0.0	1.0	0.5	4005
0.0	1.0	0.5	4006
0.0	1.0	0.5	4007
0.0	1.0	0.5	4008
0.0	1.0	0.5	4009
0.0	1.0	0.5	4010
0.0	1.0	0.5	4011
0.0	1.0	0.5	4012
0.0	1.0	0.5	4013
0.0	1.0	0.5	4014
0.0	1.0	0.5	4015
0.0	1.0	0.5	4016
0.0	1.0	0.5	4017
0.0	1.0	0.5	4018
0.0	1.0	0.5	4019
0.0	1.0	0.5	4020
0.0	1.0	0.5	4021
0.0	1.0	0.5	4022
0.0	1.0	0.5	4023
0.0	1.0	0.5	4024
0.0	1.0	0.5	4025
0.0	1.0	0.5	4026
0.0	1.0	0.5	4027
0.0	1.0	0.5	4028
0.0	1.0	0.5	4029
0.0	1.0	0.5	4030
0.0	1.0	0.5	4031
0.0	1.0	0.5	4032
0.0	1.0	0.5	4033
0.0	1.0	0.5	4034
0.0	1.0	0.5	4035
0.0	1.0	0.5	4036
0.0	1.0	0.5	4037
0.0	1.0	0.5	4038
0.0	1.0	0.5	4039
0.0	1.0	0.5	4040
0.0	1.0	0.5	4041
0.0	1.0	0.5	4042
0.0	1.0	0.5	4043
0.0	1.0	0.5	4044
0.0	1.0	0.5	4045
0.0	1.0	0.5	4046
0.0	1.0	0.5	4047
0.0	1.0	0.5	4048
0.0	1.0	0.5	4049
0.0	1.0	0.5	4050
0.0	1.0	0.5	4051
0.0	1.0	0.5	4052
0.0	1.0	0.5	4053
0.0	1.0	0.5	4054
0.0	1.0	0.5	4055
0.0	1.0	0.5	4056
0.0	1.0	0.5	4057
0.0	1.0	0.5	4058
0.0	1.0	0.5	4059
0.0	1.0	0.5	4060
0.0	1.0	0.5	4061
0.0	1.0	0.5	4062
0.0	1.0	0.5	4063
0.0	1.0	0.5	4064
0.0	1.0	0.5	4065
0.0	1.0	0.5	4066
0.0	1.0	0.5	4067
0.0	1.0	0.5	4068
0.0	1.0	0.5	4069
0.0	1.0	0.5	4070
0.0	1.0	0.5	4071
0.0	1.0	0.5	4072
0.0	1.0	0.5	4073
0.0	1.0	0.5	4074
0.0	1.0	0.5	4075
0.0	1.0	0.5	4076
0.0	1.0	0.5	4077
0.0	1.0	0.5	4078
0.0	1.0	0.5	4079
0.0	1.0	0.5	4080
0.0	1.0	0.5	4081
0.0	1.0	0.5	4082
0.0	1.0	0.5	4083
0.0	1.0	0.5	4084
0.0	1.0	0.5	4085
0.0	1.0	0.5	4086
0.0	1.0	0.5	4087
0.0	1.0	0.5	4088
0.0	1.0	0.5	4089
0.0	1.0	0.5	4090
0.0	1.0	0.5	4091
0.0	1.0	0.5	4092
0.0	1.0	0.5	4093
0.0	1.0	0.5	4094
0.0	1.0	0.5	4095
0.0	1.0	0.5	4096
0.0	1.0	0.5	4097
0.0	1.0	0.5	4098
0.0	1.0	0.5	4099
0.0	1.0	0.5	4100
0.0	1.0	0.5	4101
0.0	1.0	0.5	4102
0.0	1.0	0.5	4103
0.0	1.0	0.5	4104
0.0	1.0	0.5	4105
0.0	1.0	0.5	4106
0.0	1.0	0.5	4107
0.0	1.0	0.5	4108
0.0	1.0	0.5	4109
0.0	1.0	0.5	4110
0.0	1.0	0.5	4111
0.0	1.0	0.5	4112
0.0	1.0	0.5	4113
0.0	1.0	0.5	4114
0.0	1.0	0.5	4115
0.0	1.0	0.5	4116
0.0	1.0	0.5	4117
0.0	1.0	0.5	4118
0.0	1.0	0.5	4119
0.0	1.0	0.5	4120
0.0	1.0	0.5	4121
0.0	1.0	0.5	4122
0.0	1.0	0.5	4123
0.0	1.0	0.5	4124
0.0	1.0	0.5	4125
0.0	1.0	0.5	4126
0.0	1.0	0.5	4127
0.0	1.0	0.5	4128
0.0	1.0	0.5	4129
0.0	1.0	0.5	4130
0.0	1.0	0.5	4131
0.0	1.0	0.5	4132
0.0	1.0	0.5	4133
0.0	1.0	0.5	4134
0.0	1.0	0.5	4135
0.0	1.0	0.5	4136
0.0	1.0	0.5	4137
0.0	1.0	0.5	4138
0.0	1.0	0.5	4139
0.0	1.0	0.5	4140
0.0	1.0	0.5	4141
0.0	1.0	0.5	4142
0.0	1.0	0.5	4143
0.0	1.0	0.5	4144
0.0	1.0	0.5	4145
0.0	1.0	0.5	4146
0.0	1.0	0.5	4147
0.0	1.0	0.5	4148
0.0	1.0	0.5	4149
0.0	1.0	0.5	4150
0.0	1.0	0.5	4151
0.0	1.0	0.5	4152
0.0	1.0	0.5	4153
0.0	1.0	0.5	4154
0.0	1.0	0.5	4155
0.0	1.0	0.5	4156
0.0	1.0	0.5	4157
0.0	1.0	0.5	4158
0.0	1.0	0.5	4159
0.0	1.0	0.5	4160
0.0	1.0	0.5	4161
0.0	1.0	0.5	4162
0.0	1.0	0.5	4163
0.0	1.0	0.5	4164
0.0	1.0	0.5	4165
0.0	1.0	0.5	4166
0.0	1.0	0.5	4167
0.0	1.0	0.5	4168
0.0	1.0	0.5	4169
0.0	1.0	0.5	4170
0.0	1.0	0.5	4171
0.0	1.0	0.5	4172
0.0	1.0	0.5	4173
0.0	1.0	0.5	4174
0.0	1.0	0.5	4175
0.0	1.0	0.5	4176
0.0	1.0	0.5	4177
0.0	1.0	0.5	4178
0.0	1.0	0.5	4179
0.0	1.0	0.5	4180
0.0	1.0	0.5	4181
0.0	1.0	0.5	4182
0.0	1.0	0.5	4183
0.0	1.0	0.5	4184
0.0	1.0	0.5	4185
0.0	1.0	0.5	4186
0.0	1.0	0.5	4187
0.0	1.0	0.5	4188
0.0	1.0	0.5	4189
0.0	1.0	0.5	4190
0.0	1.0	0.5	4191
0.0	1.0	0.5	4192
0.0	1.0	0.5	4193
0.0	1.0	0.5	4194
0.0	1.0	0.5	4195
0.0	1.0	0.5	4196
0.0	1.0	0.5	4197
0.0	1.0	0.5	4198
0.0	1.0	0.5	4199
0.0	1.0	0.5	4200
0.0	1.0	0.5	4201
0.0	1.0	0.5	4202
0.0	1.0	0.5	4203
0.0	1.0	0.5	4204
0.0	1.0	0.5	4205
0.0	1.0	0.5	4206
0.0	1.0	0.5	4207
0.0	1.0	0.5	4208
0.0	1.0	0.5	4209
0.0	1.0	0.5	4210
0.0	1.0	0.5	4211
0.0	1.0	0.5	4212
0.0	1.0	0.5	4213
0.0	1.0	0.5	4214
0.0	1.0	0.5	4215
0.0	1.0	0.5	4216
0.0	1.0	0.5	4217
0.0	1.0	0.5	4218
0.0	1.0	0.5	4219
0.0	1.0	0.5	4220
0.0	1.0	0.5	4221
0.0	1.0	0.5	4222
0.0	1.0	0.5	4223
0.0	1.0	0.5	4224
0.0	1.0	0.5	4225
0.0	1.0	0.5	4226
0.0	1.0	0.5	4227
0.0	1.0	0.5	4228
0.0	1.0	0.5	4229
0.0	1.0	0.5	4230
0.0	1.0	0.5	4231
0.0	1.0	0.5	4232
0.0	1.0	0.5	4233
0.0	1.0	0.5	4234
0.0	1.0	0.5	4235
0.0	1.0	0.5	4236
0.0	1.0	0.5	4237
0.0	1.0	0.5	4238
0.0	1.0	0.5	4239
0.0	1.0	0.5	4240
0.0	1.0	0.5	4241
0.0	1.0	0.5	4242
0.0	1.0	0.5	4243
0.0	1.0	0.5	4244
0.0	1.0	0.5	4245
0.0	1.0	0.5	4246
0.0	1.0	0.5	4247
0.0	1.0	0.5	4248
0.0	1.0	0.5	4249
0.0	1.0	0.5	4250
0.0	1.0	0.5	4251
0.0	1.0	0.5	4252
0.0	1.0	0.5	4253
0.0	1.0	0.5	4254
0.0	1.0	0.5	4255
0.0	1.0	0.5	4256
0.0	1.0	0.5	4257
0.0	1.0	0.5	4258
0.0	1.0	0.5	4259
0.0	1.0	0.5	4260
0.0	1.0	0.5	4261
0.0	1.0	0.5	4262
0.0	1.0	0.5	4263
0.0	1.0	0.5	4264
0.0	1.0	0.5	4265
0.0	1.0	0.5	4266
0.0	1.0	0.5	4267
0.0	1.0	0.5	4268
0.0	1.0	0.5	4269
0.0	1.0	0.5	4270
0.0	1.0	0.5	4271
0.0	1.0	0.5	4272
0.0	1.0	0.5	4273
0.0	1.0	0.5	4274
0.0	1.0	0.5	4275
0.0	1.0	0.5	4276
0.0	1.0	0.5	4277
0.0	1.0	0.5	4278
0.0	1.0	0.5	4279
0.0	1.0	0.5	4280
0.0	1.0	0.5	4281
0.0	1.0	0.5	4282
0.0	1.0	0.5	4283
0.0	1.0	0.5	4284
0.0	1.0	0.5	4285
0.0	1.0	0.5	4286
0.0	1.0	0.5	4287
0.0	1.0	0.5	4288
0.0	1.0	0.5	4289
0.0	1.0	0.5	4290
0.0	1.0	0.5	4291
0.0	1.0	0.5	4292
0.0	1.0	0.5	4293
0.0	1.0	0.5	4294
0.0	1.0	0.5	4295
0.0	1.0	0.5	4296
0.0	1.0	0.5	4297
0.0	1.0	0.5	4298
0.0	1.0	0.5	4299
0.0	1.0	0.5	4300
0.0	1.0	0.5	4301
0.0	1.0	0.5	4302
0.0	1.0	0.5	4303
0.0	1.0	0.5	4304
0.0	1.0	0.5	4305
0.0	1.0	0.5	4306
0.0	1.0	0.5	4307
0.0	1.0	0.5	4308
0.0	1.0	0.5	4309
0.0	1.0	0.5	4310
0.0	1.0	0.5	4311
0.0	1.0	0.5	4312
0.0	1.0	0.5	4313
0.0	1.0	0.5	4314
0.0	1.0	0.5	4315
0.0	1.0	0.5	4316
0.0	1.0	0.5	4317
0.0	1.0	0.5	4318
0.0	1.0	0.5	4319
0.0	1.0	0.5	4320
0.0	1.0	0.5	4321
0.0	1.0	0.5	4322
0.0	1.0	0.5	4323
0.0	1.0	0.5	4324
0.0	1.0	0.5	4325
0.0	1.0	0.5	4326
0.0	1.0	0.5	4327
0.0	1.0	0.5	4328
0.0	1.0	0.5	4329
0.0	1.0	0.5	4330
0.0	1.0	0.5	4331
0.0	1.0	0.5	4332
0.0	1.0	0.5	4333
0.0	1.0	0.5	4334
0.0	1.0	0.5	4335
0.0	1.0	0.5	4336
0.0	1.0	0.5	4337
0.0	1.0	0.5	4338
0.0	1.0	0.5	4339
0.0	1.0	0.5	4340
0.0	1.0	0.5	4341
0.0	1.0	0.5	4342
0.0	1.0	0.5	4343
0.0	1.0	0.5	4344
0.0	1.0	0.5	4345
0.0	1.0	0.5	4346
0.0	1.0	0.5	4347
0.0	1.0	0.5	4348
0.0	1.0	0.5	4349
0.0	1.0	0.5	4350
0.0	1.0	0.5	4351
0.0	1.0	0.5	4352
0.0	1.0	0.5	4353
0.0	1.0	0.5	4354
0.0	1.0	0.5	4355
0.0	1.0	0.5	4356
0.0	1.0	0.5	4357
0.0	1.0	0.5	4358
0.0	1.0	0.5	4359
0.0	1.0	0.5	4360
0.0	1.0	0.5	4361
0.0	1.0	0.5	4362
0.0	1.0	0.5	4363
0.0	1.0	0.5	4364
0.0	1.0	0.5	4365
0.0	1.0	0.5	4366
0.0	1.0	0.5	4367
0.0	1.0	0.5	4368
0.0	1.0	0.5	4369
0.0	1.0	0.5	4370
0.0	1.0	0.5	4371
0.0	1.0	0.5	4372
0.0	1.0	0.5	4373
0.0	1.0	0.5	4374
0.0	1.0	0.5	4375
0.0	1.0	0.5	4376
0.0	1.0	0.5	4377
0.0	1.0	0.5	4378
0.0	1.0	0.5	4379
0.0	1.0	0.5	4380
0.0	1.0	0.5	4381
0.0	1.0	0.5	4382
0.0	1.0	0.5	4383
0.0	1.0	0.5	4384
0.0	1.0	0.5	4385
0.0	1.0	0.5	4386
0.0	1.0	0.5	4387
0.0	1.0	0.5	4388
0.0	1.0	0.5	4389
0.0	1.0	0.5	4390
0.0	1.0	0.5	4391
0.0	1.0	0.5	4392
0.0	1.0	0.5	4393
0.0	1.0	0.5	4394
0.0	1.0	0.5	4395
0.0	1.0	0.5	4396
0.0	1.0	0.5	4397
0.0	1.0	0.5	4398
0.0	1.0	0.5	4399
0.0	1.0	0.5	4400
0.0	1.0	0.5	4401
0.0	1.0	0.5	4402
0.0	1.0	0.5	4403
0.0	1.0	0.5	4404
0.0	1.0	0.5	4405
0.0	1.0	0.5	4406
0.0	1.0	0.5	4407
0.0	1.0	0.5	4408
0.0	1.0	0.5	4409
0.0	1.0	0.5	4410
0.0	1.0	0.5	4411
0.0	1.0	0.5	4412
0.0	1.0	0.5	4413
0.0	1.0	0.5	4414
0.0	1.0	0.5	4415
0.0	1.0	0.5	4416
0.0	1.0	0.5	4417
0.0	1.0	0.5	4418
0.0	1.0	0.5	4419
0.0	1.0	0.5	4420
0.0	1.0	0.5	4421
0.0	1.0	0.5	4422
0.0	1.0	0.5	4423
0.0	1.0	0.5	4424
0.0	1.0	0.5	4425
0.0	1.0	0.5	4426
0.0	1.0	0.5	4427
0.0	1.0	0.5	4428
0.0	1.0	0.5	4429
0.0	1.0	0.5	4430
0.0	1.0	0.5	4431
0.0	1.0	0.5	4432
0.0	1.0	0.5	4433
0.0	1.0	0.5	4434
0.0	1.0	0.5	4435
0.0	1.0	0.5	4436
0.0	1.0	0.5	4437
0.0	1.0	0.5	4438
0.0	1.0	0.5	4439
0.0	1.0	0.5	4440
0.0	1.0	0.5	4441
0.0	1.0	0.5	4442
0.0	1.0	0.5	4443
0.0	1.0	0.5	4444
0.0	1.0	0.5	4445
0.0	1.0	0.5	4446
0.0	1.0	0.5	4447
0.0	1.0	0.5	4448
0.0	1.0	0.5	4449
0.0	1.0	0.5	4450
0.0	1.0	0.5	4451
0.0	1.0	0.5	4452
0.0	1.0	0.5	4453
0.0	1.0	0.5	4454
0.0	1.0	0.5	4455
0.0	1.0	0.5	4456
0.0	1.0	0.5	4457
0.0	1.0	0.5	4458
0.0	1.0	0.5	4459
0.0	1.0	0.5	4460
0.0	1.0	0.5	4461
0.0	1.0	0.5	4462
0.0	1.0	0.5	4463
0.0	1.0	0.5	4464
0.0	1.0	0.5	4465
0.0	1.0	0.5	4466
0.0	1.0	0.5	4467
0.0	1.0	0.5	4468
0.0	1.0	0.5	4469
0.0	1.0	0.5	4470
0.0	1.0	0.5	4471
0.0	1.0	0.5	4472
0.0	1.0	0.5	4473
0.0	1.0	0.5	4474
0.0	1.0	0.5	4475
0.0	1.0	0.5	4476
0.0	1.0	0.5	4477
0.0	1.0	0.5	4478
0.0	1.0	0.5	4479
0.0	1.0	0.5	4480
0.0	1.0	0.5	4481
0.0	1.0	0.5	4482
0.0	1.0	0.5	4483
0.0	1.0	0.5	4484
0.0	1.0	0.5	4485
0.0	1.0	0.5	4486
0.0	1.0	0.5	4487
0.0	1.0	0.5	4488
0.0	1.0	0.5	4489
0.0	1.0	0.5	4490
0.0	1.0	0.5	4491
0.0	1.0	0.5	4492
0.0	1.0	0.5	4493
0.0	1.0	0.5	4494
0.0	1.0	0.5	4495
0.0	1.0	0.5	4496
0.0	1.0	0.5	4497
0.0	1.0	0.5	4498
0.0	1.0	0.5	4499
0.0	1.0	0.5	4500
0.0	1.0	0.5	4501
0.0	1.0	0.5	4502
0.0	1.0	0.5	4503
0.0	1.0	0.5	4504
0.0	1.0	0.5	4505
0.0	1.0	0.5	4506
0.0	1.0	0.5	4507
0.0	1.0	0.5	4508
0.0	1.0	0.5	4509
0.0	1.0	0.5	4510
0.0	1.0	0.5	4511
0.0	1.0	0.5	4512
0.0	1.0	0.5	4513
0.0	1.0	0.5	4514
0.0	1.0	0.5	4515
0.0	1.0	0.5	4516
0.0	1.0	0.5	4517
0.0	1.0	0.5	4518
0.0	1.0	0.5	4519
0.0	1.0	0.5	4520
0.0	1.0	0.5	4521
0.0	1.0	0.5	4522
0.0	1.0	0.5	4523
0.0	1.0	0.5	4524
0.0	1.0	0.5	4525
0.0	1.0	0.5	4526
0.0	1.0	0.5	4527
0.0	1.0	0.5	4528
0.0	1.0	0.5	4529
0.0	1.0	0.5	4530
0.0	1.0	0.5	4531
0.0	1.0	0.5	4532
0.0	1.0	0.5	4533
0.0	1.0	0.5	4534
0.0	1.0	0.5	4535
0.0	1.0	0.5	4536
0.0	1.0	0.5	4537
0.0	1.0	0.5	4538
0.0	1.0	0.5	4539
0.0	1.0	0.5	4540
0.0	1.0	0.5	4541
0.0	1.0	0.5	4542
0.0	1.0	0.5	4543
0.0	1.0	0.5	4544
0.0	1.0	0.5	4545
0.0	1.0	0.5	4546
0.0	1.0	0.5	4547
0.0	1.0	0.5	4548
0.0	1.0	0.5	4549
0.0	1.0	0.5	4550
0.0	1.0	0.5	4551
0.0	1.0	0.5	4552
0.0	1.0	0.5	4553
0.0	1.0	0.5	4554
0.0	1.0	0.5	4555
0.0	1.0	0.5	4556
0.0	1.0	0.5	4557
0.0	1.0	0.5	4558
0.0	1.0	0.5	4559
0.0	1.0	0.5	4560
0.0	1.0	0.5	4561
0.0	1.0	0.5	4562
0.0	1.0	0.5	4563
0.0	1.0	0.5	4564
0.0	1.0	0.5	4565
0.0	1.0	0.5	4566
0.0	1.0	0.5	4567
0.0	1.0	0.5	4568
0.0	1.0	0.5	4569
0.0	1.0	0.5	4570
0.0	1.0	0.5	4571
0.0	1.0	0.5	4572
0.0	1.0	0.5	4573
0.0	1.0	0.5	4574
0.0	1.0	0.5	4575
0.0	1.0	0.5	4576
0.0	1.0	0.5	4577
0.0	1.0	0.5	4578
0.0	1.0	0.5	4579
0.0	1.0	0.5	4580
0.0	1.0	0.5	4581
0.0	1.0	0.5	4582
0.0	1.0	0.5	4583
0.0	1.0	0.5	4584
0.0	1.0	0.5	4585
0.0	1.0	0.5	4586
0.0	1.0	0.5	4587
0.0	1.0	0.5	4588
0.0	1.0	0.5	4589
0.0	1.0	0.5	4590
0.0	1.0	0.5	4591
0.0	1.0	0.5	4592
0.0	1.0	0.5	4593
0.0	1.0	0.5	4594
0.0	1.0	0.5	4595
0.0	1.0	0.5	4596
0.0	1.0	0.5	4597
0.0	1.0	0.5	4598
0.0	1.0	0.5	4599
0.0	1.0	0.5	4600
0.0	1.0	0.5	4601
0.0	1.0	0.5	4602
0.0	1.0	0.5	4603
0.0	1.0	0.5	4604
0.0	1.0	0.5	4605
0.0	1.0	0.5	4606
0.0	1.0	0.5	4607
0.0	1.0	0.5	4608
0.0	1.0	0.5	4609
0.0	1.0	0.5	4610
0.0	1.0	0.5	4611
0.0	1.0	0.5	4612
0.0	1.0	0.5	4613
0.0	1.0	0.5	4614
0.0	1.0	0.5	4615
0.0	1.0	0.5	4616
0.0	1.0	0.5	4617
0.0	1.0	0.5	4618
0.0	1.0	0.5	4619
0.0	1.0	0.5	4620
0.0	1.0	0.5	4621
0.0	1.0	0.5	4622
0.0	1.0	0.5	4623
0.0	1.0	0.5	4624
0.0	1.0	0.5	4625
0.0	1.0	0.5	4626
0.0	1.0	0.5	4627
0.0	1.0	0.5	4628
0.0	1.0	0.5	4629
0.0	1.0	0.5	4630
0.0	1.0	0.5	4631
0.0	1.0	0.5	4632
0.0	1.0	0.5	4633
0.0	1.0	0.5	4634
0.0	1.0	0.5	4635
0.0	1.0	0.5	4636
0.0	1.0	0.5	4637
0.0	1.0	0.5	4638
0.0	1.0	0.5	4639
0.0	1.0	0.5	4640
0.0	1.0	0.5	4641
0.0	1.0	0.5	4642
0.0	1.0	0.5	4643
0.0	1.0	0.5	4644
0.0	1.0	0.5	4645
0.0	1.0	0.5	4646
0.0	1.0	0.5	4647
0.0	1.0	0.5	4648
0.0	1.0	0.5	4649
0.0	1.0	0.5	4650
0.0	1.0	0.5	4651
0.0	1.0	0.5	4652
0.0	1.0	0.5	4653
0.0	1.0	0.5	4654
0.0	1.0	0.5	4655
0.0	1.0	0.5	4656
0.0	1.0	0.5	4657
0.0	1.0	0.5	4658
0.0	1.0	0.5	4659
0.0	1.0	0.5	4660
0.0	1.0	0.5	4661
0.0	1.0	0.5	4662
0.0	1.0	0.5	4663
0.0	1.0	0.5	4664
0.0	1.0	0.5	4665
0.0	1.0	0.5	4666
0.0	1.0	0.5	4667
0.0	1.0	0.5	4668
0.0	1.0	0.5	4669
0.0	1.0	0.5	4670
0.0	1.0	0.5	4671
0.0	1.0	0.5	4672
0.0	1.0	0.5	4673
0.0	1.0	0.5	4674
0.0	1.0	0.5	4675
0.0	1.0	0.5	4676
0.0	1.0	0.5	4677
0.0	1.0	0.5	4678
0.0	1.0	0.5	4679
0.0	1.0	0.5	4680
0.0	1.0	0.5	4681
0.0	1.0	0.5	4682
0.0	1.0	0.5	4683
0.0	1.0	0.5	4684
0.0	1.0	0.5	4685
0.0	1.0	0.5	4686
0.0	1.0	0.5	4687
0.0	1.0	0.5	4688
0.0	1.0	0.5	4689
0.0	1.0	0.5	4690
0.0	1.0	0.5	4691
0.0	1.0	0.5	4692
0.0	1.0	0.5	4693
0.0	1.0	0.5	4694
0.0	1.0	0.5	4695
0.0	1.0	0.5	4696
0.0	1.0	0.5	4697
0.0	1.0	0.5	4698
0.0	1.0	0.5	4699
0.0	1.0	0.5	4700
0.0	1.0	0.5	4701
0.0	1.0	0.5	4702
0.0	1.0	0.5	4703
0.0	1.0	0.5	4704
0.0	1.0	0.5	4705
0.0	1.0	0.5	4706
0.0	1.0	0.5	4707
0.0	1.0	0.5	4708
0.0	1.0	0.5	4709
0.0	1.0	0.5	4710
0.0	1.0	0.5	4711
0.0	1.0	0.5	4712
0.0	1.0	0.5	4713
0.0	1.0	0.5	4714
0.0	1.0	0.5	4715
0.0	1.0	0.5	4716
0.0	1.0	0.5	4717
0.0	1.0	0.5	4718
0.0	1.0	0.5	4719
0.0	1.0	0.5	4720
0.0	1.0	0.5	4721
0.0	1.0	0.5	4722
0.0	1.0	0.5	4723
0.0	1.0	0.5	4724
0.0	1.0	0.5	4725
0.0	1.0	0.5	4726
0.0	1.0	0.5	4727
0.0	1.0	0.5	4728
0.0	1.0	0.5	4729
0.0	1.0	0.5	4730
0.0	1.0	0.5	4731
0.0	1.0	0.5	4732
0.0	1.0	0.5	4733
0.0	1.0	0.5	4734
0.0	1.0	0.5	4735
0.0	1.0	0.5	4736
0.0	1.0	0.5	4737
0.0	1.0	0.5	4738
0.0	1.0	0.5	4739
0.0	1.0	0.5	4740
0.0	1.0	0.5	4741
0.0	1.0	0.5	4742
0.0	1.0	0.5	4743
0.0	1.0	0.5	4744
0.0	1.0	0.5	4745
0.0	1.0	0.5	4746
0.0	1.0	0.5	4747
0.0	1.0	0.5	4748
0.0	1.0	0.5	4749
0.0	1.0	0.5	4750
0.0	1.0	0.5	4751
0.0	1.0	0.5	4752
0.0	1.0	0.5	4753
0.0	1.0	0.5	4754
0.0	1.0	0.5	4755
0.0	1.0	0.5	4756
0.0	1.0	0.5	4757
0.0	1.0	0.5	4758
0.0	1.0	0.5	4759
0.0	1.0	0.5	4760
0.0	1.0	0.5	4761
0.0	1.0	0.5	4762
0.0	1.0	0.5	4763
0.0	1.0	0.5	4764
0.0	1.0	0.5	4765
0.0	1.0	0.5	4766
0.0	1.0	0.5	4767
0.0	1.0	0.5	4768
0.0	1.0	0.5	4769
0.0	1.0	0.5	4770
0.0	1.0	0.5	4771
0.0	1.0	0.5	4772
0.0	1.0	0.5	4773
0.0	1.0	0.5	4774
0.0	1.0	0.5	4775
0.0	1.0	0.5	4776
0.0	1.0	0.5	4777
0.0	1.0	0.5	4778
0.0	1.0	0.5	4779
0.0	1.0	0.5	4780
0.0	1.0	0.5	4781
0.0	1.0	0.5	4782
0.0	1.0	0.5	4783
0.0	1.0	0.5	4784
0.0	1.0	0.5	4785
0.0	1.0	0.5	4786
0.0	1.0	0.5	4787
0.0	1.0	0.5	4788
0.0	1.0	0.5	4789
0.0	1.0	0.5	4790
0.0	1.0	0.5	4791
0.0	1.0	0.5	4792
0.0	1.0	0.5	4793
0.0	1.0	0.5	4794
0.0	1.0	0.5	4795
0.0	1.0	0.5	4796
0.0	1.0	0.5	4797
0.0	1.0	0.5	4798
0.0	1.0	0.5	4799
0.0	1.0	0.5	4800
0.0	1.0	0.5	4801
0.0	1.0	0.5	4802
0.0	1.0	0.5	4803
0.0	1.0	0.5	4804
0.0	1.0	0.5	4805
0.0	1.0	0.5	4806
0.0	1.0	0.5	4807
0.0	1.0	0.5	4808
0.0	1.0	0.5	4809
0.0	1.0	0.5	4810
0.0	1.0	0.5	4811
0.0	1.0	0.5	4812
0.0	1.0	0.5	4813
0.0	1.0	0.5	4814
0.0	1.0	0.5	4815
0.0	1.0	0.5	4816
0.0	1.0	0.5	4817
0.0	1.0	0.5	4818
0.0	1.0	0.5	4819
0.0	1.0	0.5	4820
0.0	1.0	0.5	4821
0.0	1.0	0.5	4822
0.0	1.0	0.5	4823
0.0	1.0	0.5	4824
0.0	1.0	0.5	4825
0.0	1.0	0.5	4826
0.0	1.0	0.5	4827
0.0	1.0	0.5	4828
0.0	1.0	0.5	4829
0.0	1.0	0.5	4830
0.0	1.0	0.5	4831
0.0	1.0	0.5	4832
0.0	1.0	0.5	4833
0.0	1.0	0.5	4834
0.0	1.0	0.5	4835
0.0	1.0	0.5	4836
0.0	1.0	0.5	4837
0.0	1.0	0.5	4838
0.0	1.0	0.5	4839
0.0	1.0	0.5	4840
0.0	1.0	0.5	4841
0.0	1.0	0.5	4842
0.0	1.0	0.5	4843
0.0	1.0	0.5	4844
0.0	1.0	0.5	4845
0.0	1.0	0.5	4846
0.0	1.0	0.5	4847
0.0	1.0	0.5	4848
0.0	1.0	0.5	4849
0.0	1.0	0.5	4850
0.0	1.0	0.5	4851
0.0	1.0	0.5	4852
0.0	1.0	0.5	4853
0.0	1.0	0.5	4854
0.0	1.0	0.5	4855
0.0	1.0	0.5	4856
0.0	1.0	0.5	4857
0.0	1.0	0.5	4858
0.0	1.0	0.5	4859
0.0	1.0	0.5	4860
0.0	1.0	0.5	4861
0.0	1.0	0.5	4862
0.0	1.0	0.5	4863
0.0	1.0	0.5	4864
0.0	1.0	0.5	4865
0.0	1.0	0.5	4866
0.0	1.0	0.5	4867
0.0	1.0	0.5	4868
0.0	1.0	0.5	4869
0.0	1.0	0.5	4870
0.0	1.0	0.5	4871
0.0	1.0	0.5	4872
0.0	1.0	0.5	4873
0.0	1.0	0.5	4874
0.0	1.0	0.5	4875
0.0	1.0	0.5	4876
0.0	1.0	0.5	4877
0.0	1.0	0.5	4878
0.0	1.0	0.5	4879
0.0	1.0	0.5	4880
0.0	1.0	0.5	4881
0.0	1.0	0.5	4882
0.0	1.0	0.5	4883
0.0	1.0	0.5	4884
0.0	1.0	0.5	4885
0.0	1.0	0.5	4886
0.0	1.0	0.5	4887
0.0	1.0	0.5	4888
0.0	1.0	0.5	4889
0.0	1.0	0.5	4890
0.0	1.0	0.5	4891
0.0	1.0	0.5	4892
0.0	1.0	0.5	4893
0.0	1.0	0.5	4894
0.0	1.0	0.5	4895
0.0	1.0	0.5	4896
0.0	1.0	0.5	4897
0.0	1.0	0.5	4898
0.0	1.0	0.5	4899
0.0	1.0	0.5	4900
0.0	1.0	0.5	4901
0.0	1.0	0.5	4902
0.0	1.0	0.5	4903
0.0	1.0	0.5	4904
0.0	1.0	0.5	4905
0.0	1.0	0.5	4906
0.0	1.0	0.5	4907
0.0	1.0	0.5	4908
0.0	1.0	0.5	4909
0.0	1.0	0.5	4910
0.0	1.0	0.5	4911
0.0	1.0	0.5	4912
0.0	1.0	0.5	4913
0.0	1.0	0.5	4914
0.0	1.0	0.5	4915
0.0	1.0	0.5	4916
0.0	1.0	0.5	4917
0.0	1.0	0.5	4918
0.0	1.0	0.5	4919
0.0	1.0	0.5	4920
0.0	1.0	0.5	4921
0.0	1.0	0.5	4922
0.0	1.0	0.5	4923
0.0	1.0	0.5	4924
0.0	1.0	0.5	4925
0.0	1.0	0.5	4926
0.0	1.0	0.5	4927
0.0	1.0	0.5	4928
0.0	1.0	0.5	4929
0.0	1.0	0.5	4930
0.0	1.0	0.5	4931
0.0	1.0	0.5	4932
0.0	1.0	0.5	4933
0.0	1.0	0.5	4934
0.0	1.0	0.5	4935
0.0	1.0	0.5	4936
0.0	1.0	0.5	4937
0.0	1.0	0.5	4938
0.0	1.0	0.5	4939
0.0	1.0	0.5	4940
0.0	1.0	0.5	4941
0.0	1.0	0.5	4942
0.0	1.0	0.5	4943
0.0	1.0	0.5	4944
0.0	1.0	0.5	4945
0.0	1.0	0.5	4946
0.0	1.0	0.5	4947
0.0	1.0	0.5	4948
0.0	1.0	0.5	4949
0.0	1.0	0.5	4950
0.0	1.0	0.5	4951
0.0	1.0	0.5	4952
0.0	1.0	0.5	4953
0.0	1.0	0.5	4954
0.0	1.0	0.5	4955
0.0	1.0	0.5	4956
0.0	1.0	0.5	4957
0.0	1.0	0.5	4958
0.0	1.0	0.5	4959
0.0	1.0	0.5	4960
0.0	1.0	0.5	4961
0.0	1.0	0.5	4962
0.0	1.0	0.5	4963
0.0	1.0	0.5	4964
0.0	1.0	0.5	4965
0.0	1.0	0.5	4966
0.0	1.0	0.5	4967
0.0	1.0	0.5	4968
0.0	1.0	0.5	4969
0.0	1.0	0.5	4970
0.0	1.0	0.5	4971
0.0	1.0	0.5	4972
0.0	1.0	0.5	4973
0.0	1.0	0.5	4974
0.0	1.0	0.5	4975
0.0	1.0	0.5	4976
0.0	1.0	0.5	4977
0.0	1.0	0.5	4978
0.0	1.0	0.5	4979
0.0	1.0	0.5	4980
0.0	1.0	0.5	4981
0.0	1.0	0.5	4982
0.0	1.0	0.5	4983
0.0	1.0	0.5	4984
0.0	1.0	0.5	4985
0.0	1.0	0.5	4986
0.0	1.0	0.5	4987
0.0	1.0	0.5	4988
0.0	1.0	0.5	4989
0.0	1.0	0.5	4990
0.0	1.0	0.5	4991
0.0	1.0	0.5	4992
0.0	1.0	0.5	4993
0.0	1.0	0.5	4994
0.0	1.0	0.5	4995
0.0	1.0	0.5	4996
0.0	1.0	0.5	4997
0.0	1.0	0.5	4998
0.0	1.0	0.5	4999
0.0	1.0	0.5	5000
0.0	1.0	0.5	5001
0.0	1.0	0.5	5002
0.0	1.0	0.5	5003
0.0	1.0	0.5	5004
0.0	1.0	0.5	5005
0.0	1.0	0.5	5006
0.0	1.0	0.5	5007
0.0	1.0	0.5	5008
0.0	1.0	0.5	5009
0.0	1.0	0.5	5010
0.0	1.0	0.5	5011
0.0	1.0	0.5	5012
0.0	1.0	0.5	5013
0.0	1.0	0.5	5014
0.0	1.0	0.5	5015
0.0	1.0	0.5	5016
0.0	1.0	0.5	5017
0.0	1.0	0.5	5018
0.0	1.0	0.5	5019
0.0	1.0	0.5	5020
0.0	1.0	0.5	5021
0.0	1.0	0.5	5022
0.0	1.0	0.5	5023
0.0	1.0	0.5	5024
0.0	1.0	0.5	5025
0.0	1.0	0.5	5026
0.0	1.0	0.5	5027
0.0	1.0	0.5	5028
0.0	1.0	0.5	5029
0.0	1.0	0.5	5030
0.0	1.0	0.5	5031
0.0	1.0	0.5	5032
0.0	1.0	0.5	5033
0.0	1.0	0.5	5034
0.0	1.0	0.5	5035
0.0	1.0	0.5	5036
0.0	1.0	0.5	5037
0.0	1.0	0.5	5038
0.0	1.0	0.5	5039
0.0	1.0	0.5	5040
0.0	1.0	0.5	5041
0.0	1.0	0.5	5042
0.0	1.0	0.5	5043
0.0	1.0	0.5	5044
0.0	1.0	0.5	5045
0.0	1.0	0.5	5046
0.0	1.0	0.5	5047
0.0	1.0	0.5	5048
0.0	1.0	0.5	5049
0.0	1.0	0.5	5050
0.0	1.0	0.5	5051
0.0	1.0	0.5	5052
0.0	1.0	0.5	5053
0.0	1.0	0.5	5054
0.0	1.0	0.5	5055
0.0	1.0	0.5	5056
0.0	1.0	0.5	5057
0.0	1.0	0.5	5058
0.0	1.0	0.5	5059
0.0	1.0	0.5	5060
0.0	1.0	0.5	5061
0.0	1.0	0.5	5062
0.0	1.0	0.5	5063
0.0	1.0	0.5	5064
0.0	1.0	0.5	5065
0.0	1.0	0.5	5066
0.0	1.0	0.5	5067
0.0	1.0	0.5	5068
0.0	1.0	0.5	5069
0.0	1.0	0.5	5070
0.0	1.0	0.5	5071
0.0	1.0	0.5	5072
0.0	1.0	0.5	5073
0.0	1.0	0.5	5074
0.0	1.0	0.5	5075
0.0	1.0	0.5	5076
0.0	1.0	0.5	5077
0.0	1.0	0.5	5078
0.0	1.0	0.5	5079
0.0	1.0	0.5	5080
0.0	1.0	0.5	5081
0.0	1.0	0.5	5082
0.0	1.0	0.5	5083
0.0	1.0	0.5	5084
0.0	1.0	0.5	5085
0.0	1.0	0.5	5086
0.0	1.0	0.5	5087
0.0	1.0	0.5	5088
0.0	1.0	0.5	5089
0.0	1.0	0.5	5090
0.0	1.0	0.5	5091
0.0	1.0	0.5	5092
0.0	1.0	0.5	5093
0.0	1.0	0.5	5094
0.0	1.0	0.5	5095
0.0	1.0	0.5	5096
0.0	1.0	0.5	5097
0.0	1.0	0.5	5098
0.0	1.0	0.5	5099
0.0	1.0	0.5	5100
0.0	1.0	0.5	5101
0.0	1.0	0.5	5102
0.0	1.0	0.5	5103
0.0	1.0	0.5	5104
0.0	1.0	0.5	5105
0.0	1.0	0.5	5106
0.0	1.0	0.5	5107
0.0	1.0	0.5	5108
0.0	1.0	0.5	5109
0.0	1.0	0.5	5110
0.0	1.0	0.5	5111
0.0	1.0	0.5	5112
0.0	1.0	0.5	5113
0.0	1.0	0.5	5114
0.0	1.0	0.5	5115
0.0	1.0	0.5	5116
0.0	1.0	0.5	5117
0.0	1.0	0.5	5118
0.0	1.0	0.5	5119
0.0	1.0	0.5	5120
0.0	1.0	0.5	5121
0.0	1.0	0.5	5122
0.0	1.0	0.5	5123
0.0	1.0	0.5	5124
0.0	1.0	0.5	5125
0.0	1.0	0.5	5126
0.0	1.0	0.5	5127
0.0	1.0	0.5	5128
0.0	1.0	0.5	5129
0.0	1.0	0.5	5130
0.0	1.0	0.5	5131
0.0	1.0	0.5	5132
0.0	1.0	0.5	5133
0.0	1.0	0.5	5134
0.0	1.0	0.5	5135
0.0	1.0	0.5	5136
0.0	1.0	0.5	5137
0.0	1.0	0.5	5138
0.0	1.0	0.5	5139
0.0	1.0	0.5	5140
0.0	1.0	0.5	5141
0.0	1.0	0.5	5142
0.0	1.0	0.5	5143
0.0	1.0	0.5	5144
0.0	1.0	0.5	5145
0.0	1.0	0.5	5146
0.0	1.0	0.5	5147
0.0	1.0	0.5	5148
0.0	1.0	0.5	5149
0.0	1.0	0.5	5150
0.0	1.0	0.5	5151
0.0	1.0	0.5	5152
0.0	1.0	0.5	5153
0.0	1.0	0.5	5154
0.0	1.0	0.5	5155
0.0	1.0	0.5	5156
0.0	1.0	0.5	5157
0.0	1.0	0.5	5158
0.0	1.0	0.5	5159
0.0	1.0	0.5	5160
0.0	1.0	0.5	5161
0.0	1.0	0.5	5162
0.0	1.0	0.5	5163
0.0	1.0	0.5	5164
0.0	1.0	0.5	5165
0.0	1.0	0.5	5166
0.0	1.0	0.5	5167
0.0	1.0	0.5	5168
0.0	1.0	0.5	5169
0.0	1.0	0.5	5170
0.0	1.0	0.5	5171
0.0	1.0	0.5	5172
0.0	1.0	0.5	5173
0.0	1.0	0.5	5174
0.0	1.0	0.5	5175
0.0	1.0	0.5	5176
0.0	1.0	0.5	5177
0.0	1.0	0.5	5178
0.0	1.0	0.5	5179
0.0	1.0	0.5	5180
0.0	1.0	0.5	5181
0.0	1.0	0.5	5182
0.0	1.0	0.5	5183
0.0	1.0	0.5	5184
0.0	1.0	0.5	5185
0.0	1.0	0.5	5186
0.0	1.0	0.5	5187
0.0	1.0	0.5	5188
0.0	1.0	0.5	5189
0.0	1.0	0.5	5190
0.0	1.0	0.5	5191
0.0	1.0	0.5	5192
0.0	1.0	0.5	5193
0.0	1.0	0.5	5194
0.0	1.0	0.5	5195
0.0	1.0	0.5	5196
0.0	1.0	0.5	5197
0.0	1.0	0.5	5198
0.0	1.0	0.5	5199
0.0	1.0	0.5	5200
0.0	1.0	0.5	5201
0.0	1.0	0.5	5202
0.0	1.0	0.5	5203
0.0	1.0	0.5	5204
0.0	1.0	0.5	5205
0.0	1.0	0.5	5206
0.0	1.0	0.5	5207
0.0	1.0	0.5	5208
0.0	1.0	0.5	5209
0.0	1.0	0.5	5210
0.0	1.0	0.5	5211
0.0	1.0	0.5	5212
0.0	1.0	0.5	5213
0.0	1.0	0.5	5214
0.0	1.0	0.5	5215
0.0	1.0	0.5	5216
0.0	1.0	0.5	5217
0.0	1.0	0.5	5218
0.0	1.0	0.5	5219
0.0	1.0	0.5	5220
0.0	1.0	0.5	5221
0.0	1.0	0.5	5222
0.0	1.0	0.5	5223
0.0	1.0	0.5	5224
0.0	1.0	0.5	5225
0.0	1.0	0.5	5226
0.0	1.0	0.5	5227
0.0	1.0	0.5	5228
0.0	1.0	0.5	5229
0.0	1.0	0.5	5230
0.0	1.0	0.5	5231
0.0	1.0	0.5	5232
0.0	1.0	0.5	5233
0.0	1.0	0.5	5234
0.0	1.0	0.5	5235
0.0	1.0	0.5	5236
0.0	1.0	0.5	5237
0.0	1.0	0.5	5238
0.0	1.0	0.5	5239
0.0	1.0	0.5	5240
0.0	1.0	0.5	5241
0.0	1.0	0.5	5242
0.0	1.0	0.5	5243
0.0	1.0	0.5	5244
0.0	1.0	0.5	5245
0.0	1.0	0.5	5246
0.0	1.0	0.5	5247
0.0	1.0	0.5	5248
0.0	1.0	0.5	5249
0.0	1.0	0.5	5250
0.0	1.0	0.5	5251
0.0	1.0	0.5	5252
0.0	1.0	0.5	5253
0.0	1.0	0.5	5254
0.0	1.0	0.5	5255
0.0	1.0	0.5	5256
0.0	1.0	0.5	5257
0.0	1.0	0.5	5258
0.0	1.0	0.5	5259
0.0	1.0	0.5	5260
0.0	1.0	0.5	5261
0.0	1.0	0.5	5262
0.0	1.0	0.5	5263
0.0	1.0	0.5	5264
0.0	1.0	0.5	5265
0.0	1.0	0.5	5266
0.0	1.0	0.5	5267
0.0	1.0	0.5	5268
0.0	1.0	0.5	5269
0.0	1.0	0.5	5270
0.0	1.0	0.5	5271
0.0	1.0	0.5	5272
0.0	1.0	0.5	5273
0.0	1.0	0.5	5274
0.0	1.0	0.5	5275
0.0	1.0	0.5	5276
0.0	1.0	0.5	5277
0.0	1.0	0.5	5278
0.0	1.0	0.5	5279
0.0	1.0	0.5	5280
0.0	1.0	0.5	5281
0.0	1.0	0.5	5282
0.0	1.0	0.5	5283
0.0	1.0	0.5	5284
0.0	1.0	0.5	5285
0.0	1.0	0.5	5286
0.0	1.0	0.5	5287
0.0	1.0	0.5	5288
0.0	1.0	0.5	5289
0.0	1.0	0.5	5290
0.0	1.0	0.5	5291
0.0	1.0	0.5	5292
0.0	1.0	0.5	5293
0.0	1.0	0.5	5294
0.0	1.0	0.5	5295
0.0	1.0	0.5	5296
0.0	1.0	0.5	5297
0.0	1.0	0.5	5298
0.0	1.0	0.5	5299
0.0	1.0	0.5	5300
0.0	1.0	0.5	5301
0.0	1.0	0.5	5302
0.0	1.0	0.5	5303
0.0	1.0	0.5	5304
0.0	1.0	0.5	5305
0.0	1.0	0.5	5306
0.0	1.0	0.5	5307
0.0	1.0	0.5	5308
0.0	1.0	0.5	5309
0.0	1.0	0.5	5310
0.0	1.0	0.5	5311
0.0	1.0	0.5	5312
0.0	1.0	0.5	5313
0.0	1.0	0.5	5314
0.0	1.0	0.5	5315
0.0	1.0	0.5	5316
0.0	1.0	0.5	5317
0.0	1.0	0.5	5318
0.0	1.0	0.5	5319
0.0	1.0	0.5	5320
0.0	1.0	0.5	5321
0.0	1.0	0.5	5322
0.0	1.0	0.5	5323
0.0	1.0	0.5	5324
0.0	1.0	0.5	5325
0.0	1.0	0.5	5326
0.0	1.0	0.5	5327
0.0	1.0	0.5	5328
0.0	1.0	0.5	5329
0.0	1.0	0.5	5330
0.0	1.0	0.5	5331
0.0	1.0	0.5	5332
0.0	1.0	0.5	5333
0.0	1.0	0.5	5334
0.0	1.0	0.5	5335
0.0	1.0	0.5	5336
0.0	1.0	0.5	5337
0.0	1.0	0.5	5338
0.0	1.0	0.5	5339
0.0	1.0	0.5	5340
0.0	1.0	0.5	5341
0.0	1.0	0.5	5342
0.0	1.0	0.5	5343
0.0	1.0	0.5	5344
0.0	1.0	0.5	5345
0.0	1.0	0.5	5346
0.0	1.0	0.5	5347
0.0	1.0	0.5	5348
0.0	1.0	0.5	5349
0.0	1.0	0.5	5350
0.0	1.0	0.5	5351
0.0	1.0	0.5	5352
0.0	1.0	0.5	5353
0.0	1.0	0.5	5354
0.0	1.0	0.5	5355
0.0	1.0	0.5	5356
0.0	1.0	0.5	5357
0.0	1.0	0.5	5358
0.0	1.0	0.5	5359
0.0	1.0	0.5	5360
0.0	1.0	0.5	5361
0.0	1.0	0.5	5362
0.0	1.0	0.5	5363
0.0	1.0	0.5	5364
0.0	1.0	0.5	5365
0.0	1.0	0.5	5366
0.0	1.0	0.5	5367
0.0	1.0	0.5	5368
0.0	1.0	0.5	5369
0.0	1.0	0.5	5370
0.0	1.0	0.5	5371
0.0	1.0	0.5	5372
0.0	1.0	0.5	5373
0.0	1.0	0.5	5374
0.0	1.0	0.5	5375
0.0	1.0	0.5	5376
0.0	1.0	0.5	5377
0.0	1.0	0.5	5378
0.0	1.0	0.5	5379
0.0	1.0	0.5	5380
